# distance between solutions
0.006492378138949156
0.00466221320071042
0.008298010926014274
0.02688377953865605
0.0033065718587129765
0.002523729420430996
0.013477494625120172
0.013315971422001846
0.0055983762062567005
0.004094030442964914
0.0054429304056123244
0.011373243457381926
0.007109677026239395
0.004987091589240037
0.018957190868600843
0.0011742539662105834
0.013547101326599998
0.023037624697085927
0.019347509488305364
0.008384263748561794
0.008084775889595058
0.001554265092892773
0.0033220757898291173
0.012858560987396269
0.013156034913946648
0.00864713905061516
0.011028469237378078
0.0009847109571179385
0.023686721122031292
0.007088295950790735
0.0050114179824672445
0.003522383443513901
0.022721806947448107
0.007061303869668211
0.014138108175239953
0.0026544448339310234
0.009780965869858597
0.006183148422941145
0.030132363299487392
0.017928079050670148
0.0027433478748199597
0.03345816068949847
0.0035800204591331097
0.008109083407553555
0.020222541110289954
0.013991444556718448
0.007711912673266152
0.007090116987022924
0.012555993940596645
0.0017020480626556726
0.006564143374838195
0.01886001477420339
0.00830650457649636
0.015374470971637482
0.004232573730312687
0.007994073602737376
0.0075359916639669245
0.012601862760169093
0.02099468695722028
0.011138962642668705
0.009138430046492762
0.003768842935494057
0.011513917273902208
0.010977211085026415
0.004108775078915141
0.0019241914279307685
0.009435575051453579
0.028765988405951407
0.013781087322909459
0.016062644216202588
0.002115755853670655
0.002219206013848137
0.014870269025408825
0.006661208661067805
0.013957006151513867
0.003448989908043544
0.01621126269427999
0.0017045501759088014
0.013219660653749144
0.0074837955132307215
0.011203446525267327
0.018708178822834445
0.0035400054622428028
0.005127383938505444
0.0201735536188117
0.03733961160163256
0.0010397427558280152
0.008422370517555572
0.01554081242864213
0.004996737767749055
0.014255543045919647
0.014434159109288039
0.00414569117093887
0.02095586603373238
0.031694836374758915
0.010581735840617959
0.013435254810849534
0.02153810070414007
0.007071647441254415
0.03156900767416042
0.007880171779714843
0.009591554711953588
0.0031635496896087047
0.015957681726814443
0.010981886785889565
0.01581177038523645
0.01575140844235593
0.02936412222376086
0.04092098788721019
0.009626241426329675
0.0034212470941193296
0.012722557258485818
0.01282697104800354
0.008026445383776011
0.01625736514291747
0.006607487582132997
0.005252067009192576
0.003081008148420238
0.002221944260196738
0.02125811931107716
0.014325994695380848
0.012791415442230475
0.014496338582215109
0.00604957791702763
0.007549942146298862
0.013408047064332828
0.00266479917087762
0.006207640628089609
0.02770447537954649
0.010876687539553271
0.0025903558736159625
0.0016601303795848804
0.017940516627312386
0.028094359579879283
0.023364196888622207
0.006583222812657464
0.018805246146881248
0.02135592908848515
0.0035158484769021725
0.0053093055382158
0.006094056530289207
0.005974815402907388
0.003659551463584551
0.01617983476347328
0.014443954593620146
0.011934752019409845
0.010092729408609518
0.006054553004899299
0.001190665851204457
0.003145488594133561
0.009872001792996663
0.005908567701397278
0.012745028959685841
0.04786066579626969
0.026688120569457487
0.0071141484676203555
0.004244378034646519
0.01354994113455103
0.008859118748082798
0.02088107397812296
0.0038810523717615238
0.003910602442054169
0.025389164660379892
0.005741045011048174
0.02291271015689325
0.009866264797150965
0.02308531629118609
0.004825812553733941
0.004336553922981925
0.008712537276472978
0.0035646880710042336
0.011645181348819245
0.020965646795149326
0.007148304934982294
0.006581019706128588
0.0025844198069573765
0.00015464132483749684
0.002511156552304944
0.009300062829228791
0.024136368276857677
0.010158592502554539
0.010578947439167924
0.03828061570626023
0.013666596478627656
0.018787955936544216
0.008366807419710909
0.007789350244017665
0.005551981081643029
0.006509553108106856
0.0076135020646614015
0.03426733386924107
0.018021928257362926
0.017757643972798123
0.010317701335668273
0.009654049214992529
0.014869561334832646
0.0023615093211173596
0.01754235125537146
0.01902953594024817
0.00476288212261653
0.014199481287190478
0.005844680153330842
0.0016717565062903655
0.013934067640893092
0.01384677062654294
0.02188548120338823
0.01322791255129908
0.010943202761910681
0.00917073898471294
0.00789695578822355
0.004356824914095942
0.02849273330571664
0.011919726037474845
0.02508214177388083
0.0037858538872254785
0.002177450032400199
0.021668359653271997
0.01572010749059766
0.002464046215752952
0.010080511756022602
0.002143183116160095
0.0230235535115857
0.008301756504703411
0.010726653498387473
0.01052113237788082
0.01380025880685746
0.016638641952464707
0.005865338927174761
0.003291329260206505
0.012067774490523438
0.01666817008353928
0.007727109647606477
0.03088926556148318
0.0035961770574772472
0.011177450716072537
0.0024204176207109243
0.03823129937057747
0.007024685218341569
0.03366028329268204
0.020389472536935998
0.003069906402970084
0.003867381698028073
0.024280405074877397
0.022332566884342455
0.0054925711113920994
0.023292535985087907
0.0014398580228240285
0.015208651645863042
0.004262354699022142
0.007378972238289621
0.014742134450538782
0.008044412466452551
0.023193072712163632
0.002389518872720311
0.018778216352895536
0.008835986012340846
0.00904404992267301
0.011162370893324232
0.0012413806003871014
0.0014884262680927597
0.01671708176280422
0.004345300133825729
0.015973254493632866
0.016596934319421233
0.017810199016592063
0.006500161519521801
0.017599353957177443
0.012674560588265943
0.001876262137585557
0.009037691108673399
0.021878258494857774
0.02535015181880445
0.002115034033922912
0.010282508959932754
0.015432542683773299
0.007573509898826635
0.03937257113892218
0.028028292772885897
0.01262652598188381
0.00876768198043025
0.003939492133676383
0.016230050788171475
0.0021664634879747977
0.006598959114317946
0.0009721876693378419
0.006623861254972358
0.006366854146423312
0.04342365139693848
0.020418661538615296
0.0030949772337380286
0.0033200907714912584
0.0229133046940761
0.04384082448221955
0.002338978073347946
0.012218570640798739
0.0284207817581479
0.008849599155054694
0.0069998048491738555
0.004405322005203894
0.010992125813280523
0.007611695687028173
0.013980220281568872
0.00317843913826876
0.004573402147540797
0.010547551433616516
0.013131506818707298
0.0036120109412906714
0.006254836281932016
0.006707501558977494
0.015335969835332931
0.004866296783465615
0.0044949136714215136
0.03752700023943561
0.003406441297665083
0.0003301463009482355
0.019092863541173358
0.01078414708419151
0.020407774329145145
0.004755075781575913
0.03435294984916581
0.039820139368452495
0.004652596731282152
0.011678503316202009
0.002632986270809736
0.01948891097605071
0.002933141409343821
0.013189145409932476
0.005943349346342797
0.01933029339301528
0.03095866520132639
0.006329184895324754
0.007504188244800016
0.004514855965704627
0.005730836148509006
0.0029855915363012683
0.004754259780002337
0.010503704976738318
0.010869899420322328
0.00825363491851398
0.019840410425241376
0.0023994885974429497
0.003708656378403321
0.00532289077910859
0.01023539297406924
0.03256619348724963
0.017123827245511817
0.007489762692374547
0.007190795506330944
0.013223294061827161
0.008525222913003913
0.012261006983698869
0.016337895791311622
0.006553971160649438
0.013061813841459742
0.004024766771243534
0.014759014121495133
0.03380914656576607
0.026848081110365178
0.026439659016592395
0.016809113555255245
0.009812601702090347
0.009476226463490845
0.017917029322104903
0.005799577395130434
0.006686743009195126
0.00747804249088576
0.007872044179452021
0.007576389070184261
0.009918132769546149
0.005348553874599395
0.006818770590108606
0.0049271055371715574
0.0036289449661511515
0.012127279891403771
0.0030410764697741594
0.002771033420065939
0.012187898209560405
0.02415311885473674
0.030911660902865876
0.014160849982939544
0.0015088420520096549
0.0045684001220933895
0.014506259284196691
0.03454475746404502
0.025095362461186172
0.02689022641918908
0.004527889252076512
0.001880934969119553
0.008883605979525805
0.00781316309101445
0.010877269968912714
0.0012387132812706587
0.001920061935443253
0.003900462017011436
0.004647050494894014
0.002816535083585026
0.0031258364208440518
0.0003285791123011522
0.02103252433274983
0.005466900500841094
0.02864555347171762
0.01078972194515255
0.028808041503858982
0.012789582133541559
0.008770029042155555
0.007982049611431079
0.012813055325089872
0.0050675538394679325
0.014867310984737064
0.014640454914751355
0.00263904147328092
0.008550189065293297
0.0038159420773965012
0.006643077229684323
0.019667967540877247
0.012819065381433112
0.020424807522812217
0.0333221337805884
0.009980033269387905
0.008924196808733192
0.009919271504525316
0.0050916731889480175
0.012602971441531653
0.028739890966765658
0.010567267679365461
0.023224615038594118
0.02094470276089116
0.0020156186141391187
0.006621770834205164
0.010513073626253214
0.011401114602770619
0.029147617766025855
0.002270761175296428
0.017079775179912413
0.006155723142025472
0.01269162570556913
0.010479924269069506
0.03707908769453607
0.005289947552879113
0.01191746976896136
0.007604913056739062
0.007987854838758638
0.01082047969277794
0.011607797336520781
0.018485012624785937
0.023627799523931046
0.00974079576336408
0.02014435155700313
0.005691573775696
0.012165182135195669
0.021456684142569734
0.025184528855116777
0.018940248316600006
0.007232131231830243
0.013817982876830105
0.013392153531350478
0.005232180059238754
0.01046881708270946
0.02217636101242895
0.0005508475562821161
0.03903270428516241
0.01837716882001325
0.006154087315855598
0.011374459518704359
0.009332127352986386
0.032269052363592406
0.005425069924781518
0.029586761370476267
0.0002456288025456948
0.001926802019792411
0.009576721263821053
0.0017934797099551586
0.0038541011808355054
0.010015587101814601
0.014737409105469147
0.0031242186203018357
0.03171809844326264
0.010719944053165426
0.02583588270185467
0.01347011465541477
0.003801413964883284
0.017887977229800865
0.014293629459994565
0.005007246209381804
0.0214872941389097
0.003705874292356646
0.006567713437967003
0.005993155880165985
0.003431455812504445
0.00432937658619513
0.0030869023468947532
0.009362947861704987
0.01760964656716791
0.0066801144147195434
0.019866650182897214
0.005876072331821751
0.008246294884390904
0.02784139173232141
0.0014965763807642954
0.005569814728576589
0.052102104633179165
0.030347640443139187
0.0029636083858101256
0.004773374885789134
0.00902651466838144
0.014161901962562314
0.005237030589282432
0.014289532108401828
0.0005287647763329084
0.011709770050629129
0.010593939686030883
0.04434483915799357
0.013784112874666854
0.010557258620023734
0.006530842087235236
0.00940031851363279
0.0050058167299011245
0.03789779486169529
0.032021986491609505
0.012579644196507922
0.004169965200678389
0.05207771941852259
0.002881507823603948
0.00241033515710074
0.001705592973628518
0.0077717013458990175
0.005346700350051309
0.01816309377000289
0.0075967937844452025
0.004567858040436256
0.010949377318640279
0.004730655221273045
0.003150476113831078
0.019659213346861968
0.00689730925173479
0.004135887333719398
0.004961580067355689
0.008769364216400573
0.0035217749115311163
0.009487791406658189
0.011609451102153482
0.01934389093940638
0.009762460676249375
0.014267340172876317
0.0018865231326037125
0.009893918836907946
0.010676469275177344
0.0044573495152095905
0.007640275936208682
0.005805439004121883
0.019009736048312558
0.016595664733197797
0.007638926352025809
0.009002426853554023
0.017524964987166554
0.024473594240744124
0.0015291740265945368
0.011451685179585318
0.0019052574576265172
0.0022376518913189837
0.044461969753258855
0.014078673014940314
0.011676982088439989
0.00856561939432796
0.004467789963803974
0.029399671308655513
0.010234554491494343
0.009213909814859426
0.0025573885005760375
0.02478762314178196
0.004084055970278275
0.002486414202224342
0.002277519540113916
0.0027072902191925164
0.008368997182274632
0.010637957962880508
0.005030553332443803
0.007445923125950046
0.006818542432299258
0.03444810631779472
0.007944623133991637
0.002830295249559516
0.024236232981413742
0.014186257174898138
0.007007297727420034
0.005146564892273809
0.006733547954812212
0.009828937286088068
0.011689188074689954
0.005259324734557273
0.00808133032785223
0.007284976173348225
0.003452858468706949
0.024207981716200276
0.007110072633887413
0.02479847690142476
0.0036503548888265815
0.01805226221617447
0.014694486353231237
0.014138397109961124
0.007754006537985393
0.011339750887950093
0.035187529233834974
0.0051372748446858255
0.005666671222398212
0.01754363117103064
0.055227377764263494
0.007301072384539331
0.012777415891360474
0.04294070816128692
0.0077034132606352305
0.029054738113140795
0.010392324488951459
0.009804610041485662
0.011528395572010795
0.002040403297253352
0.02980011536231963
0.010552912135633315
0.005752814252964875
0.01189709470759908
0.0050997232958294204
0.0027476698820386464
0.004442635252930634
0.005843706371481505
0.004509312545725407
0.009543111620834713
0.018437277543348566
0.021257137956545318
0.0036012972235420384
0.0011230986439298523
0.01305625520810163
0.010519122710951926
0.02157248968720496
0.03271127534787183
0.0025594106118990096
0.01997810721706606
0.018867673972658424
0.010877907542914192
0.004322867707840449
0.012728107618372397
0.009984443061414366
0.0020995744873830253
0.0032259404955076805
0.025315030705288476
0.0062576341948651516
0.00600285619075794
0.004386549233514431
0.024044004266634018
0.011306387454383438
0.008978202488006829
0.004713193100865
0.047808696432039034
0.03208743967605544
0.0019326996304412068
0.007293397530052028
0.0051581419331278204
0.013207513963844033
0.011600105250375671
0.012673619486529094
0.005331649251441954
0.011796964317250785
0.0027895410289596966
0.011058789922846401
0.014117207487610363
0.0066853422004289195
0.009775011599643469
0.007357507622271798
0.026019080519700918
0.026672485660802624
0.022286147868305836
0.015699209773613925
0.005780527449984811
0.0005462969873269626
0.004778071047261481
0.018054731253652943
0.0074402968828048074
0.004475202239225185
0.015268778421060114
0.0030872654333556457
0.012161255419497218
0.007311500103219874
0.004605894774596367
0.0013374172255928916
0.0007710556082456603
0.006746164931027895
0.007333633569597614
0.028614925625326467
0.010611586357331506
0.009678193901920729
0.009727618424960683
0.0059021851606536
0.008695890633028615
0.020778162804457035
0.006178428400736335
0.011466878162038134
0.001858561244501834
0.0035895343915811743
0.013646759722331434
0.02867669461969393
0.015799275372478945
0.010546640801340712
0.026260392945186797
0.007795572880036722
0.010503735401906326
0.007785559035122302
0.0071764775539450675
0.012891943577418097
0.03351162618152877
0.01551736601021102
0.02501074944387036
0.0013804904705701302
0.024894342993170344
0.012675095907552515
0.008167391115752782
0.005411712547617142
0.006261424253075096
0.0059111730653855785
0.00299687163651284
0.011086315215542557
0.019470308112186033
0.021778979628796005
0.006169174008810371
0.0074793860743878554
0.006042292013018309
0.010648399085444722
0.0074813926851241205
0.009178801968447422
0.00971640239328664
0.00040750536832332394
0.00515932145205159
0.028756267223506427
0.005157365261727018
0.006298946921269565
0.00633184493731615
0.00716714513556572
0.005350156058421786
0.00785040712372105
0.003198193395767984
0.00404708153181154
0.017311858992792906
0.018255480485276532
0.012580920354005954
0.015210070242683013
0.0029644609101346924
0.014475734952510626
0.018474378364811677
0.008478359878703386
0.01039115182266406
0.004166128257372516
0.019395139280949658
0.002669888986342113
0.008205314001680678
0.0034900122187976773
0.010323848957170515
0.010666586109266114
0.002687395921865919
0.012988044591228784
0.020504069731742208
0.009772342550656433
0.003409960027913127
0.007963286239564443
0.007630842285494771
0.005526412179879656
0.008664938308314883
0.011050165591459162
0.012915456576358026
0.00950900684228592
0.05660609729097993
0.001038072708533797
0.005147326430326548
0.00898558817714224
0.009619214027457135
0.0032465545330771757
0.010663971430761643
0.002129519116300571
0.03594818221565866
0.0016384026412954414
0.010188798803020444
0.0026086364828785424
0.0031805069752738144
0.0050093001448375885
0.0015622928302070386
0.004847263906808041
0.005368518661013739
0.004420697768638865
0.008933154637333312
0.012512288705813219
0.026073276747612534
0.0041629786034527464
0.0056253019487282774
0.012042782915558934
0.006815512282798649
0.025343985813287347
0.009731676588208343
0.008807454654034758
0.0011579267790755392
0.008090284000988946
0.019166168681684467
0.009287950210548693
0.016960186156014606
0.01900869955106587
0.00715092171679286
0.00212980146983975
0.008425922147432709
0.0015659408071922699
0.004782412759165444
0.016083677562172136
0.00822605538169784
0.014741441752715143
0.0063466736567048855
0.007101670755765079
0.007303014302745809
0.013056011788026007
0.012309164044718877
0.002878110897917428
0.013428615597376877
0.004667342188643906
0.038851703618761155
0.003494784735891764
0.007337601903453777
0.005620514504638745
0.020855854825124302
0.013604431093530588
0.004654517309650203
0.003440765491428617
0.007667440296362444
0.013389820761858292
0.018572032573850785
0.0007197447676110889
0.007578934947823157
0.012189957202076964
0.03396832739250322
0.008118662382040122
0.008191998205936806
0.010113722910173433
0.003022769822921079
0.006523919943479466
0.013705123586014886
0.006160709121203277
0.0018028552901438943
0.0010860655474671545
0.0067446775105412735
0.006659471108792614
0.009816973714570767
0.014880747023504731
0.011070199313288268
0.005427354389479376
0.010709084636116898
0.007331262153622676
0.01099579560105298
0.023625607430400573
0.004923806340770009
0.038856740241618344
0.00789387311543047
0.004249224324769049
0.014344668099085987
0.0072715527687819935
0.004229918508664795
0.0025755943833028244
0.018244194735330527
0.03679672261784689
0.007163222007114264
0.009520362382388386
0.009709868176648645
0.02453386944215077
0.009677598688577222
0.008119093845440803
0.019316017300519198
0.011264238448913949
0.014313444405918412
0.0021334470030533845
0.003601282655343196
0.0014950537918820774
0.001832673994315655
0.021260468738985794
0.010034193425294753
0.009060971783747195
0.005340545975753031
0.009099060385938846
0.0035414969104222843
0.003944657535604151
0.0033448462243520277
0.0011949650010301526
0.0016457148011506735
0.01378297519367267
0.02893121710966813
0.005794249300733894
0.001227074344910958
0.026280200180741394
0.030975007042571563
0.005407082868877462
0.002267095399933202
0.0108443163182261
0.007156178678846497
0.004585575018258042
0.006437290947740584
0.01076352385906875
0.006407796910236276
0.01225931399485145
0.017738545713313906
0.03183004193858397
0.009831602987248772
0.03868940873430012
0.012758131673854933
0.039458647581106156
0.007399909527192895
0.005256009007128897
0.010139327653803865
0.0028446549847379768
0.008000003376654852
0.01274468082890368
0.006938612303348552
0.00225765207048391
0.030418094939122547
0.011156898991924617
0.008297126470793486
0.005686126485997108
0.01849151542170778
0.022007844752339866
0.006344843214032607
0.01299069233671861
0.07217307091570425
0.007508086731843439
0.011609071968966034
0.0019199148551193046
0.010540855528540814
0.01654142323302956
0.009679858790258218
0.0027749497373203962
0.010050536183691918
0.0023776852720312877
0.04448817002250217
0.03486720011279527
0.015596992751960992
0.00803044633236536
0.0023670885108405424
0.0024820371678066183
0.005897338609100961
0.003967703606091011
0.05350794908590049
0.0036835106803840977
0.006229470863888838
0.005202097224926185
0.013940338494666702
0.013294551468746293
0.004360158035102078
0.0011134172252326323
0.01724054607295175
0.013185738721730069
0.0023418250695377858
0.014911220624208923
0.03289300791320456
0.0015973551171878928
0.0007423254716403542
0.0215386961723176
0.003959166801975067
0.016540350973855637
0.009707624343965118
0.013066106020986864
0.007222789369440457
0.018054304326916
0.006286188171566342
0.0015232113648084977
0.014362412101077256
0.04026866873449959
0.005148865339758038
0.025217400864084364
0.01259408091262502
0.008662441029146649
0.0020312618341634214
0.005217481231794724
0.025477029850772444
0.017284341196950128
0.01513390289524435
0.021724270219563385
0.0029590021142681276
0.016810074357334084
0.004926398915921235
0.01202209566971567
0.033664838963987094
0.012711471138809093
0.005158822719249692
0.0011914794027345999
0.03960275154169248
0.02243701554437093
0.010791310532843691
0.0038784043312677474
0.006170897678192991
0.06095540976197202
0.012680920697739292
0.009116396213304562
0.005611607479774309
0.008280725423801477
0.012688648326886433
0.020550393644618636
0.009850945577658343
0.01927347711963163
0.006622781902828934
0.006990529460766633
0.000483573542805276