# distance between solutions
5.551115123125783e-17
5.551115123125783e-17
2.0770370905276122e-16
2.0770370905276122e-16
1.2412670766236366e-16
9.614813431917819e-17
2.4196749845665633e-16
7.850462293418876e-17
1.3844441052834806e-15
0.
1.3597399555105182e-16
1.2412670766236366e-16
1.1102230246251565e-16
5.117875266520903e-16
1.0007415106216802e-16
1.6444329467373335e-14
1.4946834900704541e-16
1.2412670766236366e-16
1.6791549775356989e-15
7.850462293418876e-17
1.9229626863835638e-16
1.6653345369377348e-16
1.6653345369377348e-16
1.2412670766236366e-16
7.850462293418876e-17
1.6653345369377348e-16
1.6653345369377348e-16
5.926969055564841e-16
9.614813431917819e-17
1.2412670766236366e-16
1.5700924586837752e-16
2.2887833992611187e-16
6.304854800243424e-16
1.3597399555105182e-16
2.4196749845665633e-16
7.850462293418876e-17
2.2887833992611187e-16
1.2412670766236366e-16
7.54482114965389e-15
6.15648449243079e-16
6.206335383118183e-17
5.523289809442722e-16
2.0770370905276122e-16
1.2412670766236366e-16
7.850462293418876e-17
1.8619006149354548e-16
2.0014830212433605e-16
7.850462293418876e-17
1.3597399555105182e-16
1.5700924586837752e-16
1.1443916996305594e-16
1.107443988915824e-15
2.0014830212433605e-16
9.614813431917819e-17
1.3597399555105182e-16
5.551115123125783e-17
1.2412670766236366e-16
7.850462293418876e-17
1.5700924586837752e-16
9.614813431917819e-17
2.1472288061465385e-14
1.7554167342883506e-16
1.6653345369377348e-16
1.8410966031475738e-16
1.8410966031475738e-16
1.3597399555105182e-16
3.188872858294072e-16
2.0014830212433605e-16
1.2412670766236366e-16
1.2412670766236366e-16
8.252325904466732e-16
1.1892867405121382e-15
2.0770370905276122e-16
7.850462293418876e-17
1.1561654902829364e-14
1.1102230246251565e-16
1.7772239894833365e-16
1.1004656964352382e-15
7.850462293418876e-17
9.614813431917819e-17
1.6653345369377348e-16
1.3877787807814457e-16
1.6653345369377348e-16
7.850462293418876e-17
3.236828524569469e-16
1.2412670766236366e-16
1.2412670766236366e-16
4.335559509131367e-16
9.614813431917819e-17
7.850462293418876e-17
1.7772239894833365e-16
1.2719202621569003e-16
5.551115123125783e-17
5.551115123125783e-17
1.2412670766236366e-16
1.2412670766236366e-16
1.7554167342883506e-16
1.3597399555105182e-16
1.3877787807814457e-16
0.
1.1443916996305594e-16
5.551115123125783e-17
5.551115123125783e-17
1.594436429147036e-16
7.850462293418876e-17
6.206335383118183e-17
1.6653345369377348e-16
7.850462293418876e-17
5.551115123125783e-17
5.551115123125783e-17
1.2412670766236366e-16
2.961534225150787e-15
7.850462293418876e-17
1.6653345369377348e-16
1.1102230246251565e-16
2.7755575615628914e-16
4.0125770192081414e-16
1.3597399555105182e-16
1.2412670766236366e-16
9.614813431917819e-17
1.2412670766236366e-16
7.313212328083573e-15
1.2412670766236366e-16
3.554447978966673e-16
7.850462293418876e-17
5.551115123125783e-17
1.5700924586837752e-16
1.2719202621569003e-16
0.
1.2412670766236366e-16
5.551115123125783e-17
5.551115123125783e-17
7.850462293418876e-17
9.614813431917819e-17
2.7755575615628914e-17
3.640109616122045e-16
7.850462293418876e-17
1.1102230246251565e-16
2.2887833992611187e-16
1.6883057536160649e-16
7.850462293418876e-17
5.551115123125783e-17
1.3597399555105182e-16
1.2412670766236366e-16
2.830524433501838e-16
1.2412670766236366e-16
7.440193064353751e-14
7.850462293418876e-17
5.551115123125783e-17
1.5700924586837752e-16
2.498001805406602e-16
9.192921513844874e-16
2.0770370905276122e-16
7.850462293418876e-17
1.7554167342883506e-16
1.6653345369377348e-16
2.3155537059576192e-15
1.0733192700844744e-14
4.3709524189038457e-16
2.7755575615628914e-17
7.850462293418876e-17
7.850462293418876e-17
1.4946834900704541e-16
7.850462293418876e-17
7.850462293418876e-17
1.2412670766236366e-16
1.1102230246251565e-16
2.2887833992611187e-16
1.6653345369377348e-16
1.2412670766236366e-16
1.1102230246251565e-16
2.0206364052201326e-16
7.850462293418876e-17
1.6653345369377348e-16
9.614813431917819e-17
1.117140368961273e-15
8.363598243587769e-16
2.830524433501838e-16
2.3551386880256624e-16
3.925231146709438e-17
5.076788322106324e-13
7.850462293418876e-17
2.3551386880256624e-16
1.3877787807814457e-16
1.400950134832282e-14
5.551115123125783e-17
2.897767167584095e-16
7.850462293418876e-17
8.326672684688674e-16
5.551115123125783e-17
4.2001807449902774e-16
1.1443916996305594e-16
1.2412670766236366e-16
1.3597399555105182e-16
3.597533769998862e-16
9.614813431917819e-17
7.850462293418876e-17
1.0007415106216802e-16
7.850462293418876e-17
1.2412670766236366e-16
7.731808680624463e-16
5.190173898333898e-14
4.041272810440265e-16
6.843874359417885e-16
1.2412670766236366e-16
2.482534153247273e-16
1.8410966031475738e-16
5.551115123125783e-17
1.3597399555105182e-16
1.8410966031475738e-16
5.551115123125783e-17
2.0770370905276122e-16
2.9893669801409083e-16
2.7755575615628914e-16
1.5700924586837752e-16
1.7772239894833365e-16
1.1443916996305594e-16
5.551115123125783e-17
2.2887833992611187e-16
8.759511914735174e-16
1.2412670766236366e-16
2.482534153247273e-16
1.3597399555105182e-16
9.614813431917819e-17
1.3597399555105182e-16
2.086658193924118e-15
4.041272810440265e-16
1.3597399555105182e-16
1.8410966031475738e-16
1.2412670766236366e-16
4.941739743737033e-16
1.3597399555105182e-16
1.3597399555105182e-16
2.8662251779611094e-15
1.692862592547962e-15
5.551115123125783e-17
1.1102230246251565e-16
2.0770370905276122e-16
5.551115123125783e-17
2.5438405243138006e-16
1.6653345369377348e-16
1.6653345369377348e-16
1.3597399555105182e-16
3.040470972244059e-16
1.3597399555105182e-16
7.967349055175334e-16
7.850462293418876e-17
1.3597399555105182e-16
1.2412670766236366e-16
9.614813431917819e-17
5.551115123125783e-17
1.2412670766236366e-16
1.1102230246251565e-16
1.6653345369377348e-16
9.38778750585887e-16
2.0014830212433605e-16
1.2412670766236366e-16
7.909121606961004e-16
1.7554167342883506e-16
5.551115123125783e-17
5.551115123125783e-17
1.2412670766236366e-16
2.482534153247273e-16
1.6653345369377348e-16
1.3597399555105182e-16
2.482534153247273e-16
2.3551386880256624e-16
2.5438405243138006e-16
7.850462293418876e-17
1.2412670766236366e-16
1.8410966031475738e-16
1.963400462637587e-15
4.577566798522237e-16
1.1443916996305594e-16
2.0206364052201326e-16
3.6821932062951477e-16
4.038366624084766e-14
5.978733960281817e-16
6.329245045284193e-16
1.5700924586837752e-16
1.1102230246251565e-16
2.0014830212433605e-16
1.1102230246251565e-16
1.3597399555105182e-16
5.551115123125783e-17
1.1102230246251565e-16
1.1443916996305594e-16
7.850462293418876e-17
9.614813431917819e-17
7.850462293418876e-17
9.614813431917819e-17
1.5700924586837752e-16
2.0770370905276122e-16
0.
1.3597399555105182e-16
1.2412670766236366e-16
1.8410966031475738e-16
1.463459568520942e-13
1.2412670766236366e-16
7.850462293418876e-17
1.2412670766236366e-16
8.326672684688674e-17
1.6653345369377348e-16
1.2412670766236366e-16
6.206335383118183e-17
3.764949453935611e-16
7.850462293418876e-17
2.0770370905276122e-16
1.6653345369377348e-16
1.2412670766236366e-16
1.5700924586837752e-16
4.471663566795476e-15
9.614813431917819e-17
6.106226635438361e-16
5.551115123125783e-17
1.8410966031475738e-16
7.850462293418876e-17
1.2034530810044908e-15
7.850462293418876e-17
2.0014830212433605e-16
5.551115123125783e-17
0.
1.3597399555105182e-16
5.147892387644517e-16
7.850462293418876e-17
1.594436429147036e-16
1.7554167342883506e-16
5.551115123125783e-17
0.
4.839349969133127e-16
4.460019600585756e-15
0.
1.6653345369377348e-16
1.6653345369377348e-16
1.251994916354471e-14
5.551115123125783e-17
1.2412670766236366e-16
5.266250202865052e-16
7.850462293418876e-17
0.
1.3597399555105182e-16
3.0531133177191805e-15
1.6653345369377348e-16
5.551115123125783e-17
1.7554167342883506e-16
9.614813431917819e-17
2.3551386880256624e-16
1.2412670766236366e-16
9.614813431917819e-17
6.206335383118183e-17
2.830524433501838e-16
5.551115123125783e-17
1.3597399555105182e-16
2.0770370905276122e-16
9.614813431917819e-17
3.236828524569469e-16
1.6653345369377348e-16
4.3709524189038457e-16
4.3709524189038457e-16
1.0532500405730103e-15
9.614813431917819e-17
1.2412670766236366e-16
9.614813431917819e-17
5.551115123125783e-17
5.551115123125783e-17
7.850462293418876e-17
9.614813431917819e-17
3.798358382169021e-15
4.761679120781035e-15
5.551115123125783e-17
8.349770295452321e-16
7.850462293418876e-17
0.
1.3597399555105182e-16
7.850462293418876e-17
1.8410966031475738e-16
1.1102230246251565e-16
1.3597399555105182e-16
1.8619006149354548e-16
5.551115123125783e-17
2.0014830212433605e-16
0.
1.1102230246251565e-16
1.0142147107873387e-14
1.2585248453105973e-15
1.2412670766236366e-16
1.2412670766236366e-16
1.6653345369377348e-16
8.326672684688674e-17
3.597533769998862e-16
9.566618574882216e-16
2.225914103744632e-14
7.850462293418876e-17
1.2412670766236366e-16
1.6653345369377348e-16
7.850462293418876e-17
7.850462293418876e-17
2.0014830212433605e-16
7.850462293418876e-17
8.214900197283516e-16
2.3992122494236667e-15
1.6653345369377348e-16
3.236828524569469e-16
6.206335383118183e-17
6.206335383118183e-17
1.0104356214496713e-13
2.810311996192447e-15
1.6653345369377348e-16
1.2412670766236366e-16
9.614813431917819e-17
1.942890293094024e-16
5.551115123125783e-17
6.4955756365127336e-15
3.532708032038494e-15
1.1102230246251565e-16
1.6653345369377348e-16
2.830524433501838e-16
9.614813431917819e-17
7.850462293418876e-17
2.0206364052201326e-16
2.5438405243138006e-16
7.850462293418876e-17
8.326672684688674e-17
2.0014830212433605e-16
5.551115123125783e-17
1.8410966031475738e-16
1.2412670766236366e-16
1.7554167342883506e-16
1.3597399555105182e-16
1.5700924586837752e-16
2.0770370905276122e-16
7.850462293418876e-17
2.5438405243138006e-16
3.764949453935611e-16
1.2412670766236366e-16
2.3551386880256624e-16
1.2412670766236366e-16
5.551115123125783e-17
5.551115123125783e-17
7.850462293418876e-17
4.1540741810552243e-16
1.3597399555105182e-16
1.6653345369377348e-16
1.2412670766236366e-16
1.6653345369377348e-16
5.551115123125783e-17
1.8410966031475738e-16
5.551115123125783e-17
1.5700924586837752e-16
1.2412670766236366e-16
1.8410966031475738e-16
1.1102230246251565e-16
8.78147111669024e-16
1.7554167342883506e-16
2.5438405243138006e-16
1.3877787807814457e-16
1.4946834900704541e-16
7.850462293418876e-17
1.7554167342883506e-16
2.0014830212433605e-16
4.002966042486721e-16
9.614813431917819e-17
7.850462293418876e-17
2.498001805406602e-16
1.7554167342883506e-16
5.551115123125783e-17
9.614813431917819e-17
2.830524433501838e-16
9.614813431917819e-17
1.6653345369377348e-16
1.2021721300496787e-15
0.
5.20740757162067e-16
9.614813431917819e-17
9.614813431917819e-17
1.1102230246251565e-16
8.400361489980555e-16
9.614813431917819e-17
1.3597399555105182e-16
1.3597399555105182e-16
1.4946834900704541e-16
6.131407058289218e-16
1.1604353567155542e-15
7.850462293418876e-17
7.850462293418876e-17
7.850462293418876e-17
1.1443916996305594e-16
5.551115123125783e-17
1.9229626863835638e-16
9.614813431917819e-17
1.2412670766236366e-16
2.0770370905276122e-16
1.8410966031475738e-16
2.7755575615628914e-16
6.978443356800068e-14
3.3896274419572095e-14
5.230747915445483e-14
6.4796043696850615e-16
2.658746559542468e-15
1.1443916996305594e-16
1.3597399555105182e-16
1.3597399555105182e-16
7.850462293418876e-17
2.7755575615628914e-17
1.2412670766236366e-16
9.614813431917819e-17
7.850462293418876e-17
1.1102230246251565e-16
7.850462293418876e-17
9.614813431917819e-17
4.291984940802453e-15
4.518280359883027e-16
3.925231146709438e-17
1.3597399555105182e-16
7.850462293418876e-17
1.8410966031475738e-16
2.0014830212433605e-16
9.614813431917819e-17
7.850462293418876e-17
7.850462293418876e-17
1.0007415106216802e-16
1.2412670766236366e-16
7.850462293418876e-17
3.4219371797089426e-16
1.2719202621569003e-16
8.326672684688674e-17
7.468261590855957e-16
4.941739743737033e-16
9.614813431917819e-17
3.964289135040461e-16
1.8410966031475738e-16
5.551115123125783e-17
9.614813431917819e-17
1.2412670766236366e-16
1.6653345369377348e-16
1.6653345369377348e-16
1.6653345369377348e-16
1.8410966031475738e-16
2.0014830212433605e-16
7.850462293418876e-17
1.7554167342883506e-16
1.1443916996305594e-16
1.8410966031475738e-16
2.830524433501838e-16
1.2412670766236366e-16
7.850462293418876e-17
2.0770370905276122e-16
1.1046579618885443e-15
8.326672684688674e-17
1.2412670766236366e-16
7.850462293418876e-17
4.126162952233366e-16
1.3597399555105182e-16
5.578801654593729e-16
1.7554167342883506e-16
7.850462293418876e-17
1.2412670766236366e-16
1.1443916996305594e-16
8.326672684688674e-17
1.2412670766236366e-16
2.7755575615628914e-17
5.551115123125783e-17
1.8734499541357647e-15
7.850462293418876e-17
3.657527770737188e-15
7.850462293418876e-17
2.3188782643185826e-15
7.850462293418876e-17
4.996003610813204e-16
1.3597399555105182e-16
7.32242375526988e-16
7.850462293418876e-17
7.850462293418876e-17
0.
7.850462293418876e-17
5.551115123125783e-17
2.830524433501838e-16
7.850462293418876e-17
1.1443916996305594e-16
1.1102230246251565e-16
5.551115123125783e-17
7.850462293418876e-17
1.2412670766236366e-16
1.2719202621569003e-16
7.570711667007543e-16
1.3597399555105182e-16
9.614813431917819e-17
1.2412670766236366e-16
7.850462293418876e-17
6.206335383118183e-17
1.1281198993241301e-15
9.614813431917819e-17
7.850462293418876e-17
5.551115123125783e-17
9.614813431917819e-17
0.
5.551115123125783e-16
1.7554167342883506e-16
3.7238012298709097e-16
1.2412670766236366e-16
9.614813431917819e-17
9.614813431917819e-17
7.850462293418876e-17
1.3597399555105182e-16
7.850462293418876e-17
1.2412670766236366e-16
7.301351988545593e-16
7.850462293418876e-17
5.551115123125783e-17
1.5788995281571396e-15
2.0770370905276122e-16
1.0906210770260937e-15
1.8410966031475738e-16
1.6597741389874414e-15
7.850462293418876e-17
1.1102230246251565e-16
7.850462293418876e-17
1.6653345369377348e-16
9.614813431917819e-17
7.850462293418876e-17
1.3597399555105182e-16
4.965068306494546e-16
7.850462293418876e-17
1.5700924586837752e-16
1.2412670766236366e-16
5.551115123125783e-17
7.850462293418876e-17
7.850462293418876e-17
1.8619006149354548e-16
1.1102230246251565e-16
9.614813431917819e-17
5.551115123125783e-17
1.0547118733938987e-15
2.220446049250313e-16
7.850462293418876e-17
2.482534153247273e-16
1.2412670766236366e-16
1.6653345369377348e-16
7.850462293418876e-17
1.1102230246251565e-16
1.5700924586837752e-16
7.850462293418876e-17
9.614813431917819e-17
7.850462293418876e-17
1.2412670766236366e-16
7.850462293418876e-17
1.1102230246251565e-16
2.482534153247273e-16
8.252325904466732e-16
6.353541660708338e-16
2.8441001681421824e-16
1.5700924586837752e-16
1.3597399555105182e-16
7.850462293418876e-17
5.551115123125783e-17
1.0007415106216802e-16
7.850462293418876e-17
1.2412670766236366e-16
1.2412670766236366e-16
1.2412670766236366e-16
1.5700924586837752e-16
7.850462293418876e-17
7.850462293418876e-17
2.0014830212433605e-16
7.850462293418876e-17
7.850462293418876e-17
1.0295784775289034e-15
5.551115123125783e-17
1.4946834900704541e-16
1.3597399555105182e-16
1.2412670766236366e-16
7.850462293418876e-17
1.3597399555105182e-16
2.7755575615628914e-17
1.2412670766236366e-16
3.433175098891678e-16
1.38916586636586e-15
1.0007415106216802e-16
3.3306690738754696e-16
1.8619006149354548e-16
2.7170689865399927e-13
7.850462293418876e-17
1.6653345369377348e-16
4.54378355600607e-16
7.850462293418876e-17
0.
1.5700924586837752e-16
6.071052372011394e-15
2.0770370905276122e-16
2.0770370905276123e-15
3.2044169659229723e-15
7.850462293418876e-17
6.761887134795174e-15
7.850462293418876e-17
0.
1.3597399555105182e-16
0.
9.614813431917819e-17
5.551115123125783e-17
9.614813431917819e-17
9.614813431917819e-17
2.0014830212433605e-16
1.3597399555105182e-16
6.206335383118183e-17
1.2412670766236366e-16
1.2412670766236366e-16
1.1443916996305594e-16
1.1102230246251565e-16
1.0007415106216802e-16
9.614813431917819e-17
1.7554167342883506e-16
2.7755575615628914e-17
1.5700924586837752e-16
1.531343299291801e-15
1.1102230246251565e-16
2.2887833992611187e-16
7.850462293418876e-17
9.614813431917819e-17
5.551115123125783e-17
1.6653345369377348e-16
1.38916586636586e-15
1.6653345369377348e-16
1.2412670766236366e-16
5.382005793715205e-16
5.485220867312013e-15
2.5438405243138006e-16
1.1102230246251565e-16
5.551115123125783e-17
9.614813431917819e-17
1.3597399555105182e-16
7.850462293418876e-17
1.3597399555105182e-16
1.6653345369377348e-16
1.2412670766236366e-16
1.4946834900704541e-16
2.830524433501838e-16
1.6653345369377348e-16
7.850462293418876e-17
1.3597399555105182e-16
1.3597399555105182e-16
3.5734697288860764e-15
1.2412670766236366e-16
3.9801921248291076e-15
1.2412670766236366e-16
1.2412670766236366e-16
1.6653345369377348e-16
9.614813431917819e-17
7.850462293418876e-17
5.551115123125783e-17
5.551115123125783e-17
7.850462293418876e-17
2.5438405243138006e-16
7.850462293418876e-17
2.0014830212433605e-16
1.3597399555105182e-16
1.2412670766236366e-16
2.9893669801409083e-16
6.191521800676143e-14
7.850462293418876e-17
2.482534153247273e-16
2.2887833992611187e-16
1.1102230246251565e-16
7.700059018989898e-15
1.2412670766236366e-16
2.0014830212433605e-16
2.0770370905276122e-16
2.0014830212433605e-16
1.066334393690002e-15
9.614813431917819e-17
2.884444029575346e-16
9.614813431917819e-17
1.2412670766236366e-16
1.2412670766236366e-16
1.2412670766236366e-16
9.614813431917819e-17
1.7554167342883506e-16
0.
9.614813431917819e-17
4.3709524189038457e-16
8.270975252328749e-16
9.614813431917819e-17
4.996003610813204e-16
3.4219371797089426e-16
7.850462293418876e-17
9.614813431917819e-17
1.3597399555105182e-16
1.1102230246251565e-16
3.433175098891678e-16
1.4843914344857116e-14
1.1102230246251565e-16
1.1102230246251565e-16
1.4946834900704541e-16
9.614813431917819e-17
1.1102230246251565e-16
1.034251854507511e-14
7.850462293418876e-17
1.3597399555105182e-16
2.0014830212433605e-16
2.0014830212433605e-16
7.850462293418876e-17
9.614813431917819e-17
1.1102230246251565e-16
7.850462293418876e-17
1.2412670766236366e-16
2.0206364052201326e-16
1.3597399555105182e-16
7.850462293418876e-17
2.3551386880256624e-16
5.551115123125783e-17
1.5700924586837752e-16
1.2412670766236366e-16
7.850462293418876e-17
1.6653345369377348e-16
1.2412670766236366e-16
1.996087139617986e-15
5.551115123125783e-17
2.0770370905276122e-16
7.850462293418876e-17
1.6154397394219327e-13
1.1102230246251565e-16
5.900916318210353e-16
1.6653345369377348e-16
1.2085633081569536e-15
5.057306561942087e-16
3.284083995358298e-16
5.551115123125783e-17
3.964289135040461e-16
2.2887833992611187e-16
7.850462293418876e-17
7.850462293418876e-17
1.3597399555105182e-16
7.850462293418876e-17
9.255558542105616e-16
4.002966042486721e-16
7.850462293418876e-17
1.6653345369377348e-16
0.
6.497413668604471e-16
1.3597399555105182e-16
3.775166431889533e-16
1.3597399555105182e-16
1.6653345369377348e-16
7.850462293418876e-17
0.
2.0770370905276122e-16
1.2412670766236366e-16
5.551115123125783e-17
5.551115123125783e-17
7.850462293418876e-17
5.551115123125783e-17
3.188872858294072e-16
1.2412670766236366e-16
8.326672684688674e-17
4.3709524189038457e-16
4.079219866531555e-16
6.866350197783356e-16
7.065416064076988e-16
1.2412670766236366e-16
1.6653345369377348e-16
6.206335383118183e-16
1.5700924586837752e-16
1.5700924586837752e-16
2.1743371432698003e-14
9.614813431917819e-17
3.554447978966673e-16
5.551115123125783e-17
1.1443916996305594e-16
7.850462293418876e-17
1.8410966031475738e-16
5.551115123125783e-17
5.551115123125783e-17
6.206335383118183e-17
1.7554167342883506e-16
1.7772239894833365e-16
1.1102230246251565e-16
3.260489418455367e-13
7.850462293418876e-17
1.3877787807814457e-16
9.614813431917819e-17
2.3551386880256624e-16
1.2412670766236366e-16
3.597533769998862e-16
1.2412670766236366e-16
5.551115123125783e-17
7.850462293418876e-17
9.614813431917819e-17
1.3597399555105182e-16
1.2412670766236366e-16
1.5886278982584418e-15
9.614813431917819e-17
9.614813431917819e-17
3.188872858294072e-16
3.640109616122045e-16
1.5029073952766851e-15
9.614813431917819e-17
5.551115123125783e-17
1.2412670766236366e-16
1.059903267549013e-15
1.2412670766236366e-16
7.32242375526988e-16
2.8609792490763984e-15
7.850462293418876e-17
5.551115123125783e-17
1.6653345369377348e-16
1.2412670766236366e-16
0.
5.551115123125783e-17
5.551115123125783e-17
5.551115123125783e-17
2.7755575615628914e-16
1.6653345369377348e-16
1.4946834900704541e-16
4.3709524189038457e-16
7.850462293418876e-17
7.850462293418876e-17
2.1677797545656835e-16
1.3597399555105182e-16
1.8410966031475738e-16
9.614813431917819e-17
1.2412670766236366e-16
7.850462293418876e-17
2.0770370905276122e-16
2.830524433501838e-16
2.0206364052201326e-16
1.1102230246251565e-16
1.2412670766236366e-16
5.551115123125783e-17
9.614813431917819e-17
0.
0.
3.597533769998862e-16
2.2887833992611187e-16
7.850462293418876e-17
1.1102230246251565e-16
1.1443916996305594e-16
1.3597399555105182e-16
3.7238012298709097e-16
9.08756711201214e-16
9.614813431917819e-17
1.5700924586837752e-16
1.3597399555105182e-16
5.551115123125783e-17
3.284083995358298e-16
2.0014830212433605e-16
1.3597399555105182e-16
1.8410966031475738e-16
5.551115123125783e-17
0.
2.0014830212433605e-16
5.551115123125783e-17
7.850462293418876e-17
5.551115123125783e-17
7.850462293418876e-17
9.614813431917819e-17
1.3597399555105182e-16
1.5700924586837752e-16
2.2847407995803733e-15
0.
7.850462293418876e-17
1.1443916996305594e-16
6.661338147750939e-16
5.900916318210353e-16
1.1102230246251565e-16
1.3597399555105182e-16
8.326672684688674e-17
2.7755575615628914e-17
3.7238012298709097e-16
2.2519762983120753e-14
0.
7.850462293418876e-17
2.830524433501838e-16
1.2412670766236366e-16
1.6653345369377348e-16
1.1102230246251565e-16
3.7238012298709097e-16
8.326672684688674e-17
7.850462293418876e-17
7.850462293418876e-17
1.7554167342883506e-16
5.551115123125783e-17
1.6653345369377348e-16
8.326672684688674e-17
1.3597399555105182e-16
1.6653345369377348e-16
2.5438405243138006e-16
1.2412670766236366e-16
3.040470972244059e-16
2.5438405243138006e-16
5.551115123125783e-17
5.551115123125783e-17
2.0014830212433605e-16
5.551115123125783e-17
1.8410966031475738e-16
1.3597399555105182e-16
5.551115123125783e-17
5.551115123125783e-17
1.1443916996305594e-16
1.7772239894833365e-16
4.637551379783473e-13
9.614813431917819e-17