# distance between solutions
0.0047130102510032305
0.0034876486836031466
0.015964701612196673
0.003172714306912453
0.007439621396648851
0.007190170368889685
0.0005451148630842391
0.00185424530614992
0.00895157796085011
0.01495103293358642
0.009578125950818877
0.0029618955548203476
0.006173236817322694
0.004253541313302764
0.004726908992229779
0.0027003522781621587
0.019966944745058134
0.010269333888447982
0.010964337287499007
0.0022842417372542427
0.013326164936133214
0.010769546471583978
0.028759050958137522
0.013743757165854022
0.009193221665073664
0.004751503349359399
0.006284510546407131
0.020934695603468938
0.009517649046929727
0.012139508862405429
0.005138620515158023
0.004665765713910618
0.003075981891854517
0.008242599157397725
0.0027965990794650043
0.003557568470953232
0.0056316702330602725
0.0015717613730400883
0.00497804746667933
0.006503745046662862
0.002657849660933285
0.015226103017003532
0.0025460581049072616
0.0034350528864403587
0.011009976982252714
0.008040683634971844
0.029395742573870856
0.005573993003906712
0.0029373881714767646
0.006502389046032468
0.00845265696682443
0.006787662874334299
0.016656205651410586
0.007218055163840869
0.0020602022741295018
0.00696270766100507
0.013087250888417707
0.0036527152336954614
0.006136543181751889
0.0009867337066919312
0.0030540472947591345
0.00364308617172025
0.0075848010010391405
0.008711035001678807
0.014966945013393065
0.009248001139680637
0.012016195734105896
0.027882102247849705
0.015333045090176545
0.005271378159744956
0.00579325735092386
0.0022546917846786472
0.01338901067727414
0.010910550242597761
0.01677662965860492
0.006980353466820977
0.009877638047512904
0.005844975157173325
0.009941110955879535
0.006835221107485396
0.0027242560526763507
0.003193474807004597
0.003914053727167476
0.01403080772020623
0.0024984013478835027
0.010250604438425412
0.023625915684533913
0.0076100682652984674
0.008159643392125823
0.025528616945809938
0.007784327700451056
0.004193651585113655
0.013497250371060808
0.005115930928141265
0.03139254310973471
0.023129483677166864
0.0061071491543944765
0.015027651019322099
0.00780727112429763
0.008076889183806878
0.0060709315451610004
0.00979777620759851
0.0037043793173714788
0.005397205321488516
0.009561575264253773
0.0052517442890663525
0.01438120894254723
0.004806287838583427
0.005838483559419541
0.0033487755270698227
0.02183077094121897
0.004108442586498204
0.011534184909142455
0.008468475207106975
0.008334439048397929
0.010138746261717436
0.003066664386814668
0.0007394114481153891
0.006688645239617401
0.02657778369372127
0.0039933544492902215
0.008965950257383996
0.017577470166882662
0.0041901993518789205
0.014647387795782315
0.0060345932188499395
0.003181532428540749
0.007426837069732733
0.011879287334999846
0.011225303103958119
0.011578816079276051
0.010844829113450883
0.008398138093688133
0.017234410261167003
0.00701257929512967
0.010609679072403545
0.00905334871581227
0.015686651215172587
0.010950934226995166
0.004376480013971402
0.002014020968812661
0.001745355989983018
0.007900162471215683
0.010129498050332336
0.0016897549960882474
0.014366113417852044
0.005211338744157788
0.0022585077268900407
0.007685048797286213
0.007651585012426881
0.011027077102734597
0.004189356359340017
0.006723316765145656
0.004746075349460691
0.009513315050878669
0.005706550312809165
0.015263602771858897
0.00023606280282592568
0.00204073693246152
0.005775187892904865
0.009705275546353885
0.006457689909623426
0.009783898526007615
0.01554103395191865
0.013324405204385695
0.006522942875167993
0.013994698055634773
0.010015989563862852
0.004219553447721381
0.01771361056987831
0.004013209867420239
0.011919198607286081
0.010443980389480852
0.009270636672627217
0.0015338041678017833
0.006021123544063477
0.009493342670225936
0.006164844400271264
0.019922633604146082
0.0031553416024177354
0.015252209503456442
0.00705416370572803
0.008849599805257874
0.0022353446178425425
0.017719701012755062
0.009172446246006527
0.01631400459019094
0.006496144564328003
0.009470758198632008
0.003974682641762713
0.009155618831822348
0.0029837377554695257
0.005899542540281919
0.010034167745355992
0.003180772906162919
0.004684741950360737
0.002292817447718998
0.005497301366309382
0.011390498872290185
0.010601891428120179
0.005046993825252474
0.0010006328833101715
0.017085423070343917
0.009078545556786376
0.01560541633580244
0.006602747315363291
0.007384167041770343
0.018806580528349208
0.013790206555524775
0.008096027229033237
0.0031010010342469143
0.008055280641141983
0.008281187381306763
0.0035179618125223172
0.01028088678856351
0.02679508917225393
0.009866136579287739
0.0017927969434607983
0.0026819467527587097
0.010003960882519463
0.0191636389511974
0.01990368059450128
0.004182913120384619
0.005847457272520773
0.012015670471391869
0.011806047978269025
0.014746662974105852
0.011798272909675618
0.017965994605666266
0.005858219396990209
0.004966402751312662
0.011736320479316937
0.016867166312641808
0.012864758966888839
0.0027170055942050365
0.006068571512538165
0.01433374436158528
0.009965439508780496
0.0014038843725746452
0.0018633588802806243
0.008101816697029323
0.004934290106402969
0.00517530807007121
0.003605539864135702
0.007884508650026904
0.016082713639841123
0.007595697602100814
0.004597017128997633
0.019699096908944825
0.006599008427869243
0.005525194772126035
0.0025233547453644553
0.0061486896136846835
0.0077943067275530855
0.006436253970131329
0.009908939970509695
0.005785388070012904
0.008657020745546518
0.012966917494531912
0.00920014642491487
0.00919675073548716
0.007865937576948204
0.008235546542535178
0.007440322126762656
0.002169009404556726
0.017189232200971148
0.006900835879903522
0.011194348002026183
0.014320749662699528
0.008367259687076061
0.004045582801404727
0.010480997813820872
0.010159578722650326
0.0031416311719820776
0.004178874999970753
0.0036141567979639765
0.010058326526954528
0.009787743455723783
0.010232833555377524
0.0121439167377147
0.007321499261134208
0.007570830396487071
0.007551998008422664
0.008461959517059315
0.012602476033887245
0.0070448297249594005
0.023757127550773225
0.02703328817470839
0.006707875475188807
0.004708999138398794
0.0008533237742784265
0.010771338156520623
0.007620822319974712
0.0051512973128680865
0.00037366135771748564
0.008865729736019535
0.003203975817183747
0.00802729412713197
0.004896512290367239
0.0076542967082435225
0.005892042898214483
0.00829097404207084
0.005826354708998559
0.007703858142320112
0.013113985642088849
0.004608880864593216
0.010340191528680634
0.011307615320928107
0.006072403773696979
0.004847988869257694
0.0044195149704773515
0.009817454324978575
0.010828450842839881
0.00865940661806651
0.0025636500909167544
0.007120403213851507
0.0048658280455513795
0.008283913850086172
0.012246263370691022
0.0018935642804988062
0.010239915715668058
0.005952089388674168
0.012938291854243406
0.00757872588022811
0.0026508438616528844
0.004289949139643835
0.0016307555001682445
0.003923490973636477
0.010859143122116804
0.00130208671960777
0.008844999668616186
0.001701412279881487
0.011334811149013394
0.008334090374211215
0.005157796347558299
0.016897912144303487
0.024436010943714417
0.005912475079601721
0.003501517623676785
0.016035823343233585
0.010973503503843041
0.0054831568639145374
0.01189699050986585
0.0032092833179415583
0.009036396966359595
0.008890027205606745
0.00034870009291162844
0.002703303574286696
0.004594564364230652
0.013029156935841016
0.0036569949068519267
0.011703449231883035
0.00268922173142922
0.006902361997810538
0.013454709119454615
0.00941608954830529
0.012448998175539044
0.014566343515077065
0.004661101173245012
0.006807149147959595
0.005140795744668922
0.004129511431290663
0.00817123773353876
0.012135949386215275
0.008104042321840726
0.008262758622242397
0.0021778949678532725
0.011064262982876195
0.015368848306306528
0.01813063692186891
0.007491496282166256
0.01976407496003595
0.02184532369394042
0.008358719675654816
0.007968712604189333
0.005118559953862326
0.0041811304518157445
0.010025919927540074
0.004747094574244249
0.006431101004982656
0.021329968724470783
0.016948504547319495
0.004183240635884047
0.020117478915269913
0.010709343566305386
0.0048836795545502
0.0009263273811585442
0.014167196637079382
0.007327151087641895
0.016948119070901404
0.006890401141118486
0.009715668306579859
0.012525660850423701
0.00456597414108283
0.001474541835840443
0.005111905409512908
0.007631556818202374
0.022079459030553385
0.007737999199544798
0.020223154655670705
0.004314166951265629
0.004014539407058048
0.010737611368423985
0.004668588581746162
0.0008528418903585077
0.001988605712853246
0.004718937401686187
0.007067225932753126
0.017177004173936635
0.009232030665876167
0.028490852084594256
0.005911587235296794
0.005063099547279128
0.01199026948456196
0.0027309430757489874
0.00717821551138404
0.007553226556537231
0.0073270747509467495
0.009472232501723438
0.007862998480079465
0.003791635626709755
0.015750709696575074
0.00636419667700078
0.005181845765199005
0.0007037705728540323
0.020418101812704155
0.015503946953867625
0.005134863263214268
0.02033373056079315
0.005176213747567064
0.0062891524551917126
0.006037587052791937
0.00821961223908282
0.02043809578149476
0.004235718679903804
0.0023312986337822045
0.02264438411999188
0.018454598007979165
0.0013822340914365283
0.004113210684755607
0.006986059159251332
0.005703101999552432
0.011326943808033858
0.009079020763166468
0.006650277867898184
0.003948104905148668
0.0063459646056729995
0.0033988565389016408
0.00424582563061334
0.008823159806157376
0.0029483555122737787
0.012808845830124453
0.0030724027095124103
0.012183323431886592
0.0035598529400174403
0.0010114097749499493
0.006443334855105566
0.0039674408695098175
0.007280941119058349
0.010971951712616522
0.005264010071734749
0.010201438633300636
0.005070481142234776
0.008260555775037936
0.009871046569940407
0.0045082390559431544
0.024066227661371165
0.007632023999291522
0.009747090478517484
0.005098026714392289
0.00769389941381214
0.01549749895065916
0.007969746718213133
0.010370060280777745
0.0037267569124031018
0.0015349639658476966
0.010239223534109342
0.0026208387007829992
0.013445548810314277
0.013586435171533982
0.010215827794198037
0.01034492174606898
0.020959480571095496
0.0035116610778781676
0.012461124734637938
0.009483431338274905
0.0059678269194826635
0.011127928769231821
0.005161711175767417
0.0063245664686839165
0.003880966304710632
0.014088316339688121
0.014386023399754137
0.015613766708068896
0.013177343138643221
0.011649880592243658
0.006341457277205704
0.007059721261588907
0.004826308250175598
0.015955513709199533
0.006645981689922637
0.005326944232153489
0.004515856853611344
0.03341152243064031
0.011269854443838545
0.01671181866046656
0.002463641059150124
0.01432318748894263
0.010409455248846013
0.017807914353565043
0.010390674026084524
0.00994296291286077
0.001679106863424723
0.01941044850605624
0.0059841231913818705
0.012968777238823422
0.022846343250574865
0.004196350262400694
0.015746706571526346
0.0075875855674825765
0.002089659697275363
0.03680951171504596
0.004532584158212938
0.0008435245862146861
0.009860205765760452
0.008932840579904016
0.0029971715770589335
0.002794177587491755
0.004135496658953033
0.007259521595778119
0.013325672248108577
0.0025422449116308194
0.0013326357816748912
0.004407766840760534
0.005129332583951279
0.0052702823417438704
0.0016245950826669472
0.010436130981502131
0.010752378732700074
0.015483489973264306
0.008576962222448687
0.016603045385404268
0.016066770206193372
0.005173354608066254
0.00444034733832112
0.011101355023025542
0.01802688902019648
0.0038604163057937226
0.013476479771062122
0.0061238161573618465
0.008810062693984346
0.002515887123278311
0.010512504525346692
0.007579788877446525
0.012384105300338101
0.003730359040203074
0.008477054344754903
0.019826505814090796
0.010782708737029197
0.005836137763915011
0.006877958642566284
0.001672651175757314
0.014063260984318171
0.0030506168974524343
0.0035299153418978982
0.003698521226354515
0.0033899433840035875
0.012679298860277693
0.007549086382705785
0.006481678574713869
0.00019714602957179216
0.009089495991589638
0.008766733252706755
0.00595742745105501
0.003588903019005475
0.007698784692605684
0.0045384791659132655
0.009083368369539335
0.009726691064535059
0.0360843962403935
0.006279723867474263
0.008226893970617643
0.0063261680716039485
0.008859979356337502
0.018657727393018086
0.00598731319221991
0.010022494313335885
0.005733803798901462
0.006978049478406135
0.017020592766029966
0.0033848369763810155
0.0017141275422832272
0.019167505924107247
0.0012088535358061262
0.006348348949879255
0.003205092259984053
0.003590329506429526
0.01472006921982458
0.030032325434048476
0.012580720128206694
0.0082549134794252
0.002281931703594513
0.012777302223152487
0.005175584224585805
0.0038698573892285214
0.015312007840508478
0.022662252042250423
0.01092382381346294
0.013306299241455453
0.006913637928162088
0.004052775414025052
0.008321082996911436
0.010884734965874368
0.018880092480424212
0.01684341523953793
0.012348779748863324
0.011472736793310425
0.006883583100178729
0.005101482877144814
0.0055528602139798214
0.0029829070129933854
0.00594460432045692
0.005638631934279867
0.002398621684023304
0.005733463146663388
0.0008005617900401742
0.0021232347146690556
0.011506745731323084
0.007083548828515235
0.015430646233280583
0.0003727969447604337
0.01266407539768322
0.007541022055554468
0.008727183676636765
0.005546018824488999
0.009586392778875083
0.006950670486340389
0.020024692585726096
0.002003958571258491
0.011262216157899485
0.0174566617102546
0.005389764490241653
0.009260352386390551
0.0015931257333081708
0.013827879866159931
0.009503349585527721
0.0020949930786093936
0.005359129461596605
0.03388529211595346
0.014295869599622259
0.016705999554200525
0.016528541757792062
0.014944363332433337
0.012657361269011246
0.006587478259818921
0.008976167139898454
0.003448464431135095
0.012585005645245617
0.0026709351011169873
0.01509129868543994
0.0038731733816806187
0.01219619673082657
0.00898562112309088
0.0031319261195307197
0.0019952278799822945
0.011975426073835107
0.00637985450357854
0.009781180235891803
0.009297084481117029
0.0048165574489447225
0.009990430997858072
0.011853105257743872
0.006427520291082602
0.0047291541983765775
0.005400401849630389
0.0066102180717099125
0.007951662493433294
0.016739513079721078
0.004995995113093266
0.01949566647708583
0.0037897347701597393
0.008385429971002844
0.00945167116695453
0.007442756504499393
0.01626541984216731
0.016319082332799845
0.0007493159643345408
0.01492078514630246
0.019081063444359253
0.002490758775841477
0.01100183525998463
0.0067709114142539325
0.013292524639466093
0.006056402717462652
0.008637630911435122
0.00515025237848173
0.012593992117219939
0.016254498737038922
0.006901855001158919
0.02989749616819266
0.011194488333573295
0.012650914640595161
0.002977511204205209
0.0030604687301038092
0.0020005261150035742
0.0002736467128399232
0.005237351403063835
0.009072087593742343
0.0029708299277647313
0.004508237097727388
0.025045622529399323
0.004330540137467131
0.00317433610382947
0.014261719552454213
0.00247376800739442
0.009089049485960647
0.0047055428043604195
0.010619356444520974
0.005532818511654528
0.015306840692811267
0.007397279066662759
0.0029756805768587544
0.003951658576702627
0.0061229716948091595
0.021354913501160564
0.024794202114904566
0.009992867007613185
0.002560823848012679
0.01598914189658881
0.012632618963258476
0.009657835979188907
0.018394707872975473
0.009948084793409185
0.015104784542805623
0.0066642718692664525
0.007363853131711594
0.028557438933085523
0.0074294573865132255
0.018025389625318546
0.03263227742067539
0.010003307503704694
0.011376028060942425
0.021845588488490195
0.0028548193651202086
0.00291116384119446
0.011403027466719267
0.00908766520064341
0.010440054013205094
0.010612154440964918
0.004489902801152817
0.003329235941951517
0.011432853731436118
0.002090685675248798
0.01513671111093926
0.012532043613888292
0.003155847240748046
0.004522356944985257
0.009856473715587398
0.013529508542351376
0.018956162897443677
0.013211308821580567
0.003334238359807045
0.00997265415942355
0.003643126361210944
0.02467238993974697
0.007464283126267089
0.0032988502544834476
0.0008458909606395594
0.007062274193948045
0.004397230584762077
0.011911072778344144
0.0034625462746189204
0.003524862055209189
0.005339212730750318
0.008082191290828262
0.006752326527137564
0.007477036351563178
0.009467501422499833
0.010057991247842516
0.007721851295097243
0.011022071392947691
0.003519942262977181
0.007574833487166936
0.0036754451527900994
0.012708351324843003
0.00882381789268929
0.007076681847849314
0.004615314440763157
0.004833253111374513
0.022454974249670596
0.004145421800350156
0.011719332879883488
0.019933178987042586
0.003376366501381326
0.00543815653356588
0.009563142868950294
0.012191138712770597
0.005537253182303413
0.0031202473806522563
0.006466929235344558
0.014878213136569625
0.011517553861480293
0.003983333339721054
0.006466758940304393
0.00450596568848074
0.0012323277197917877
0.0281767815366493
0.011662952113670941
0.011373966602397588
0.009814502077054811
0.005038486663478046
0.00786814264023101
0.007607335255804645
0.007960941868589816
0.009321984595564787
0.008278146081436658
0.024975917543547915
0.0206464475539573
0.00264069919415614
0.008086312782083398
0.005522366910477945
0.00959148289075804
0.017979953650349254
0.00631519335108958
0.003467527624637091
0.006166277168780801
0.011363426215458076
0.01027337957685602
0.00903483980370289
0.004254931286923088
0.0028652029685773783
0.008266333563856674
0.006195695261315604
0.029256327483067952
0.00978627910864425
0.012853505192303757
0.0033006131374823553
0.0027995495261639645
0.005476870160628786
0.004507460294457647
0.01139792730292125
0.0025589304983552664
0.0031611194224828634
0.003422834325098306
0.006747219216898205
0.00795720102203502
0.006798610987987599
0.011649340289236384
0.0059785425646581335
0.011204065960965475
0.006431901655474621
0.008704166762494771
0.009872848653483588
0.0021151422740875014
0.010086864278249986
0.0059316636052789504
0.005407115291074432
0.00868081478516932
0.007005717825347485
0.00792523373512108
0.014755115096142486
0.005986909010005681
0.021294651342299298
0.02165706683060274
0.005498202699676892
0.005402833172205031
0.00467247621877852
0.004877208365495818
0.0015754150134084514
0.0032214208229128663
0.015334030942817574
0.010251898160494623
0.014364517360337265
0.014549067420346883
0.007174097394230654
0.010645576848599153
0.004253657347396678
0.0167436376116418
0.0017688397339874439
0.005240360371689417
0.00999674528513949
0.0009153047589535978
0.014791880516730853
0.0020552282775618824
0.005118400577425985
0.012146820651916948
0.009558215863392722
0.008353902014452678
0.003563394998078549
0.02439051882265054
0.009199767192510182
0.016881611350577447
0.011889374067669066
0.009720551974741998
0.00432570401458142
0.014771240447541174
0.0024241410105912877
0.009902331802302013
0.013458241107556133
0.0056848079731843075
0.0015064896087262334
0.008257966237207119
0.013691022822312115
0.014834502263783963
0.013441867878522501
0.005882270112448859
0.002831375004466451
0.01138479404900664
0.005646983843871061
0.01979606432933868
0.014437249912812453
0.011434975713008458
0.012679450422604337
0.005325346429405555
0.010678880412357136
0.014683702180954628
0.008432202401710994
0.009441515525251812
0.00364254012852318
0.03309342378334176
0.011611759066177793
0.0023434703593514447
0.002668000448896573
0.0011992492397339533
0.006929928454514497
0.0063212535714029065
0.0042022127943374225
0.009868726819011393
0.00814013511723442
0.011530024657526493
0.006069566038033681
0.010571319925136822
0.004060578001360275
0.006536009705274697
0.0047253208386287115
0.0029279208656188714
0.010444807507152628
0.007020104940848158
0.021662292970900308
0.013885061412572742
0.005353374719723765
0.010126727683207985
0.005819472813259433
0.005428117746759729
0.008946906731784228
0.0018753084186198044
0.0033095158968986078
0.007606109956164351
0.022139435219759043
0.005849375592346904
0.0020614729066064414
0.012372910698831237
0.008049616128329017
0.015855593634972496
0.004965353066094998
0.0068213162832758975
0.004753554161016956
0.017353954205801332
0.01306143492212378
0.019842507623811095
0.010474205101826286
0.006321574735707463
0.00798606612802501
0.006625321705087535
0.010636656009816732
0.008891085331044647
0.00483142358541515
0.012449610099540178
0.008380367005606423
0.01693178120781714
0.02653142124378963
0.006522795454004404
0.006397333084082467
0.007077479271344656
0.01181063072898656
0.006652686801854173
0.011795824399992721
0.002172877609238153
0.0020365780993523807
0.0064265764548271966
0.004050584514302444
0.02132094784036621
0.003913327682326751
0.0035279476122843847
0.013216100263737218
0.004542820183233094
0.010697479946318632
0.007962272857489334
0.0067241784547432655
0.015724426802964146
0.011597541542617376
0.005362236674071008
0.0023008692569934856
0.013583199545790256
0.001247108628985907
0.0023249130159639256
0.019013762326217133
0.010660480186322244
0.008172473775741545
0.019555457610137928