# error for solution in subspace	error for general solution
4.175421940323065	4.147374192568859
1.4750589137401502	1.4559251417619639
1.76222596069397	1.7416644589029284
4.489069313296291	4.182031001149915
0.9373581157519763	0.9308207313688073
0.4259514037399174	0.42058904480026615
1.4680949591120154	1.3468406019207646
6.987898091199097	6.876264535119422
2.3207849193407912	2.2853010326006093
0.40196716023492957	0.3929911049754527
2.995188051646793	2.9774537795428717
0.7534805004101189	0.6895389263351264
0.4913250841809549	0.47119413102808405
0.6278205932798403	0.6152032185520099
3.2143826670140085	2.994558943036259
0.9475575968218556	0.9464890829864979
2.0887255806649345	1.9888595727582021
6.273955677761025	5.953100477098488
6.738086485993911	6.5544069897916435
2.259944036042041	2.2096870161433873
2.993146169682721	2.9453524224585252
0.09205882107830257	0.09038052094998641
2.040558993090696	2.0273082173946153
2.2938731222288973	2.2329857872878383
7.678707022325828	7.579523471253678
3.797132638743128	3.7120520317073806
11.779450422230124	11.706283290577941
0.16258040720791564	0.16195546016130172
6.591492585000502	6.336696473429955
3.3473983132573015	3.2894452125123284
0.6423147284286026	0.6187075748753623
2.2823270795920925	2.2765674149376243
6.537986416299945	6.366830584653705
3.9715390251567717	3.9288763870356482
4.919461292025939	4.82214077256272
2.3060430678973174	2.30138666927
3.195014009978811	3.129225056384979
3.69368302832156	3.669059402353318
12.757225988468836	12.133214147597014
9.287613124479435	9.141851859370174
0.7298262726341946	0.7222681071805238
4.2709745529673	3.9181839141144508
3.3170049328934796	3.304921716115065
5.839867031792443	5.798135255752438
8.52152971679113	8.368257532028332
6.163087503926666	6.014585959719448
0.8921751341423374	0.8476628016116621
5.9460087866716504	5.899292278823045
5.994047378564753	5.869781753126052
3.2189038174231173	3.216450124703456
2.3136949674065974	2.2957086152907475
10.849730163284047	10.621594549163806
0.46881642944795504	0.4306306168144142
3.4791401919114833	3.3103521221872616
0.18833279786388926	0.18030882541818644
0.9232265623783423	0.8879744462354412
1.2669621664136848	1.2392663719111385
0.761392106378606	0.7065792597217971
4.785288453761273	4.612351154266973
2.260702032454153	2.1987093063997856
2.055186282222769	2.0010193149215874
1.7962799107501892	1.7885601767129722
7.1157722335855	7.007464173304011
8.416367068548421	8.317546512276207
3.3792125467747933	3.369683910875873
7.490235058883572	7.48742989283401
1.886726841842861	1.8338934203842876
5.724984064101597	5.355521025032306
9.190936577938622	9.103318776564977
5.0323196689491825	4.88256364682442
1.8556288456059504	1.8528393930919829
0.12172913606303686	0.11742575109443415
2.49851994592963	2.4019049810708677
3.6672650562717806	3.6388077137087538
2.41457310039202	2.2335498534344014
0.4221101866451066	0.4126077053820781
5.860011664678664	5.683629798484934
4.573830273214499	4.571030833866493
3.3801193179371194	3.3204557314032725
1.3955324826910769	1.3593348506942835
5.154938888877198	5.063204776296241
1.865247305588785	1.7165948044376087
7.358837872423028	7.344784787086181
1.1218805289661402	1.1093054341192055
10.138583590314234	9.795724996262678
7.18912018233714	6.612067982835978
6.5217673426181895	6.521069260141784
2.75702403668264	2.7173102275709757
5.030639164311404	4.896482709514942
4.665741411559893	4.648698033736079
4.180732135514948	4.037895932848395
5.1205599750832125	4.9865710180708
4.232790034861523	4.221605693958506
15.097772379821645	14.78107858825998
13.163981592348138	12.823211279673632
1.3286225985621667	1.2914527423953734
5.568186110553388	5.48272761524967
5.050113350290964	4.776782795440189
5.034260635216583	4.981517236944653
3.179282916014581	2.8897260034395678
2.391396260708631	2.341623170864223
5.986045585535381	5.9202887072731265
0.5153829474509144	0.5093093001637878
0.9784428219600335	0.9109753337406691
2.9527435541143463	2.920252933981549
11.433230403688494	11.277678372288683
6.371307556546998	6.1024922922565
5.504329136079925	4.971142373813185
5.5011901297007855	4.75332401025637
2.637527370775131	2.5841360370065938
1.342944516181883	1.3343572355740516
2.2420386212442853	2.165325055184237
2.7684591786897554	2.653973249743948
7.099424022476964	7.0591905471833964
5.0560707879414934	4.903949153088068
0.36555590398720206	0.3507298096305781
1.3361415479423582	1.3114619879236127
2.9176025728391477	2.9114772244660023
0.867117301957337	0.8636285250517313
3.57810350556155	3.4428680224954284
7.28857776181649	7.115750396271736
1.9266436801153362	1.8510284074891616
0.5476471434675332	0.472070098132566
0.6499975711392864	0.6320447597453543
4.668169383206199	4.62043905187393
0.5683578915675371	0.4984204126934949
0.6931975265703939	0.6852251445107409
0.5118455364058692	0.48812548541534145
3.9877856988751472	3.5966504009098608
4.452460150110301	4.3599824628464505
9.535026194983953	9.529717504067039
4.040630261043137	4.039434234938546
6.720466314801839	6.526061700438166
3.7634457650061734	3.561171243571614
2.402992302717319	2.1860585086938187
2.8175876259417914	2.7958361614985745
3.3283564189287795	3.225286342668723
2.5555036773557855	2.4184172238073645
5.26736498109713	5.260566416843668
3.8499593260990177	3.822410587452344
2.9577291618875954	2.9324626916170136
1.7515616712620907	1.7229645963828868
2.454240080312856	2.4464038065690783
2.753042432047235	2.5779743100631367
1.3259339609354706	1.2307387251831985
0.7782937324246237	0.7185767420487104
5.904857081078825	5.824071053151524
5.303624412258658	5.28468699284489
1.794026547236743	1.7932330203445794
0.40267321706623976	0.3965060880440609
4.121259482504233	4.0620085546111655
3.535942825775261	3.5011983222453678
2.9096620240639566	2.7912115277947858
12.948275872735548	11.516543161515298
6.841768496750953	6.645094969634267
0.7177345614007241	0.6739959523349222
1.6395223192391175	1.6301160899578058
3.3656668672407544	3.270942280718195
6.5804862315092905	6.506695780163896
5.643519855155634	5.324970873995181
2.0583564251393	2.0469731222565093
0.4951510266216032	0.47773882090374603
2.937758848861188	2.76807495983431
9.652397197216198	9.625979903911517
8.396542589867714	8.068151929129513
1.1345209419439695	1.0936691369854983
7.624700564395141	7.2276914841277975
2.6268397145918354	2.615659443306649
3.7746234846651148	3.7609080199249667
5.406920110013574	5.377053326116633
5.165460303757317	5.1551078244966995
0.6894475502960539	0.6373159257077876
2.3800545870381815	2.094328387850769
0.6008473641609916	0.5732727093263522
1.512198386325336	1.485032805975147
0.41076990097481225	0.40381136126331185
0.9444195380736595	0.9444042726440727
0.81866994622316	0.8123995178348346
1.429035912761372	1.377749993241832
3.4692691263648827	3.1038371537423775
2.6762903825007958	2.627998237687773
3.3620529420658314	3.28924182200369
7.5759807966766095	6.892754797707323
3.2318663882728664	3.0960626319593674
3.1473513223442833	2.9400222049514992
1.8279897137327963	1.7864538765409432
3.905177582775874	3.857038301428205
1.8490370129188027	1.8224685601089865
3.742183794322896	3.702383762615137
12.38105071114081	12.343726067938247
11.326579399747628	10.785562807984684
1.8069677433953544	1.574894033904509
11.836599712028832	11.700609723940214
3.0463747847038207	3.0025433513904085
8.800474902176552	8.71311018378536
2.13481801212566	2.0079060917338722
1.8855244073371238	1.877758095109955
4.932857841032296	4.733862408310901
3.0786380292066706	2.831296095116886
1.372082840151046	1.3535493730276416
1.339724404502215	1.2472690661576822
8.459499510716801	8.435501369204506
0.5934515657178159	0.5920749697742934
3.3931937039573685	3.2294806542289316
3.413789789672875	3.314044600940913
3.9548797970783545	3.641643387379941
3.7649716441680017	3.698491479209174
5.150673281698471	5.068690432176693
6.014520730531238	5.972331792978768
3.83220751008944	3.7892675445396127
2.463198883353746	2.4441999840735025
1.1847747955602335	0.9484540417039145
1.2714642752213796	1.189559488631444
4.218931664648581	3.8866522664951138
5.27990602702876	5.275279711710485
0.20592587637012535	0.2009963036376629
5.360310218288268	5.240211205182569
5.0055136886895735	4.7607969123495
0.18431259790345567	0.17985881052492977
2.234519723122525	2.172025109330681
0.42545025129631864	0.42169678339552574
8.447161875672524	8.158867971877752
1.053846207842989	1.0258333295315931
1.4896332730981223	1.4225683154734208
6.337251818532476	6.243311976683483
2.3974177638910206	2.296951631176244
6.564125336254695	6.424065646714619
0.8753940128703918	0.8433759968455998
0.14428045131741477	0.13774055645138794
5.457067356614181	5.3900153212536495
5.8849498243729705	5.760113649696703
7.234400699750103	7.183655977919309
6.2451694636440145	5.8050513901874865
4.771570146857261	4.7610389797809365
6.857296938072534	6.781650202952182
0.5459947159542884	0.5411776839673942
7.356741087297604	6.795895950675943
5.622878312513477	5.5851771416466285
4.636475360182783	4.17697583056065
2.6607078641210014	2.419150477657595
3.408240721176562	3.4011366078290757
5.845676338204853	5.837334498833938
4.4758272416166465	4.071099008127861
7.460330313176427	7.188922544873338
7.914101514430662	7.887130363387556
3.299070089572632	3.08617010859805
1.9368112223574347	1.9358391096250194
2.55068147659921	2.406400830438557
6.084411828249099	6.069962544459495
1.2600967670815522	1.2281175817759589
10.446870440485625	10.356341995944113
3.643124171748864	3.62389568759593
9.80924545608633	9.602162676455807
0.8546734088530655	0.8505275785806532
6.487550654001137	6.233561864128656
3.2688723018513066	3.1985924344846124
2.6813340745801764	2.6264159089205967
3.091889408377158	2.998757492186006
0.028327378369464265	0.027301092267544912
3.0169138573735683	3.015332211093687
2.8878815475531794	2.6814007857859816
0.3606704711245391	0.34394341419645347
3.1111244023919506	3.0122508038561966
3.619889054889363	3.48463266418286
6.647205015886214	6.466078272595446
3.05546533575638	3.0287639596084417
12.190750341955322	12.047256714740021
3.58490533348433	3.505976498347743
0.5209227771900186	0.5189478410903219
0.8638869947444248	0.8184150846289052
7.790308139703912	7.5228469564199
1.7370058677919558	1.4355655222662382
0.5423594398861257	0.539651459369695
1.480448432520438	1.3816729621197954
1.6548326274519518	1.5554378789657946
10.108198777470578	10.0670758070758
5.931787497676009	5.205695338812868
6.068777511929089	5.573044949211039
7.7135170875423285	7.615424650836916
0.5700886664863596	0.5453359605761199
2.0987758435481507	2.085884676436244
4.852476979055442	4.726866990383691
3.1005021947842537	3.0986739639839067
1.0559361197081854	1.0186131774370357
1.5795106967392076	1.5785054660806255
3.4138468524383607	3.3777186930304532
1.7668029039706208	1.742296485675403
6.399233897294633	5.642873874569338
3.0599344170076233	2.8641900687134823
1.5612678000086098	1.5533057595537283
2.0873613990085196	2.0785347199291073
4.170808332542378	3.8962327335758915
7.759685528537114	6.948311702780003
0.6127091536735476	0.6085780531279446
5.340225468142246	5.252324442263397
8.961770700324106	8.188446360587035
4.981907446316182	4.91481659579405
4.991448340608304	4.9748752595388925
6.354969357290721	6.344155837100084
2.1889716605148855	2.1006674951422846
3.702468142338881	3.6663883644392237
4.8010374338282285	4.753499985503856
1.9305124927545545	1.9244505966075263
3.7944941196590376	3.7805800254897814
1.2526863674543163	1.2018290013745307
15.846550321393297	15.713733664472167
0.43756827631532513	0.42659203686018976
1.4671407082977472	1.446606051796027
1.9927079805788166	1.9640228286347012
2.8483833345628997	2.7371630762274535
1.5124502362706616	1.4889688157841379
4.106739315407508	4.088814892266972
4.345792027628759	3.809797739179767
0.15534653298160175	0.1500034097424325
0.02239785290855921	0.022317970817997308
3.850712413877145	3.581925924154234
12.240973271365	12.169283909518656
3.7233424364847982	3.5456426417836098
0.6934795018846918	0.6731523748675395
12.394497919054704	11.697744492336753
4.248262335138056	3.521588451104597
3.368050418398805	3.3593794107643884
7.2406617224597625	7.121637824595524
0.910748223432535	0.9083521275499236
1.3026571352486818	1.118376571785252
3.28225454322544	3.2762758455545917
2.3122892546732334	2.24244045851949
0.5726218081898462	0.5487135116484562
4.417983943734836	4.257911952864892
5.940341378076032	5.588890319409727
2.879923428212874	2.846798778062377
1.438344178195628	1.417009915079837
0.3161091504377849	0.3043276709652883
3.815626604817337	3.7940520647340232
9.572460841864721	9.566560622406623
1.569169396219457	1.5559935279883799
4.762037740125801	4.6579185378302
2.700497949086595	2.617289057384805
4.939413619377648	4.875681848597841
7.894317945146927	7.706339874864569
0.7100553459153498	0.7037533142018896
0.7385299117185551	0.7274815719411649
1.6348136257319679	1.6125285213057796
2.559643183153807	2.478656113010591
12.704817995519086	12.147954573146976
5.0479882639526075	4.925393282813713
1.362046213061318	1.324935178534254
1.3793930233274296	1.3503665645601792
5.437999797207139	5.36893847314915
10.017484606735499	9.96246156235685
5.994922111757605	5.885473657019517
7.792130561262011	7.635216789490444
1.859246808197421	1.8265124515326177
2.771781489539662	2.633109208284219
1.2914483857516517	1.2772248246463016
2.665145104250425	2.4908179337414764
3.8477210611516255	3.5648808402158165
2.775331128231585	2.486322003464108
2.225582398670054	2.097793742177649
1.998494552521214	1.806141043329045
4.055871117110508	4.002426647894735
1.962319378661481	1.884663696355494
5.849990486173655	5.649834090016003
0.8642173033655942	0.8495203874924497
2.306074941966025	2.258086877945446
2.350070087547659	2.3105078737231644
3.111869804670553	3.068404132188672
2.195594854597139	2.1597804234097806
1.9471033474770152	1.8809076534358193
0.9808923446537455	0.9594556963897221
1.1051810772484936	1.0677233726296183
2.895982163258719	2.8792328429531513
0.7917750035827334	0.7781243151513536
2.6370817904431654	2.5497922088087246
0.7396306393519908	0.732623876582608
1.6519068161802304	1.6435286136854221
3.364768971933268	3.30272298961531
4.414722202262437	4.1676729929632685
6.516873498643013	6.096074543534903
3.334280371489745	3.2146500782253065
0.6979411180519001	0.6961388728257263
1.622296967184355	1.5936754675966573
6.17595554104774	6.089406429836926
5.943670257599356	5.309113173282934
3.452678429247192	3.234409677711851
1.909491073604469	1.5206497977436115
1.6517738846288763	1.641160963497341
0.14150963647873202	0.13777728132218978
3.680833936605055	3.6107368309164682
1.2150487587799765	1.1808227507857176
1.6182722194766033	1.5426833305127747
2.6757324326455763	2.6745773268033637
0.37190457196595034	0.3697683280356943
0.7062850869999131	0.6951860938130991
4.570870659259748	4.545834229354369
1.3966639126565157	1.3923210983589667
2.9137449450844715	2.905936290447568
3.7213903605251852	3.7212682792542187
4.394853347947055	4.167691289529772
0.5184105109125647	0.4999156330728818
7.470229082538905	6.985767054030619
6.823736526847824	6.775829289712807
2.0596827169897614	1.6573889574499263
5.124698811024981	5.041644174100865
7.021714788037567	6.982471692350678
2.575867339348126	2.523737204084673
3.096649550639841	2.9762349787701092
1.8183129357478167	1.7852889409172088
1.84354198345372	1.729120836693671
3.6074334455429224	3.476725364630227
0.8484016131644774	0.8447128343717899
0.6644276740910092	0.6393190939582698
1.2783063406219706	1.2700218579303268
2.019330131145719	1.979723781964957
4.592493839878569	4.345810042988026
5.927006818266871	5.83169353392757
8.419362745471881	8.125292203786964
11.313512010697305	10.984016996276331
3.1122409829085855	3.067014731472254
2.724601523866982	2.676260381626646
5.568390634612919	5.488967942337738
1.7426048536586172	1.7146581139307306
2.3633891298130063	2.2218864072239226
5.165435680527418	4.672657612973369
4.525653015275906	4.458850285749813
7.299253000868837	7.002152258305385
3.2461495768517965	2.937015421722859
5.920437985925179	5.917953611467615
0.530733906141428	0.502259691879059
1.4228782217343634	1.40011335257122
0.8444722627598235	0.7799090911180215
6.827025279356959	6.571766868808587
5.000709961776194	4.9972755475064305
1.7476610207968588	1.594326887583052
1.2100250985667238	1.1843953085689358
3.076933431548469	3.0069025497126933
8.780622680020146	8.689085839900295
14.530042046186148	13.785063457430132
0.3623752489074987	0.3449400076234845
1.2593941314655333	1.1814788987631155
3.975467487991297	3.9317371520424214
2.2470468895179683	2.2031235307797896
1.0702917663623346	1.000070430566309
2.9260365287224657	2.8294268239751035
2.407048168362738	2.243298117481096
5.022127562079469	4.655561056302196
5.406354505805932	5.321556835325197
5.06833095821761	4.80565813610309
3.763288900334123	3.732640554374142
1.3648511866901707	1.2833206951433327
4.809810547388842	4.589787851554476
18.695602597732194	18.163280521277994
1.3414401543593781	1.244699312320165
1.7078339617999945	1.6848714868754224
5.029190354809019	4.834020516736492
4.2898136838454155	4.166743981128701
2.0023390550807725	1.9851218605406293
1.3106599595623145	1.2666322804918417
10.001822513302804	9.751090734917842
0.5555419439556529	0.5552663520616511
3.799065311691025	3.0614253699203067
6.1679789321725735	6.070992605870287
1.6443117769112443	1.6227774311368133
4.566771162826908	4.4853430616844605
0.6673112825858241	0.6161090727483781
6.321973441277598	6.004536929719533
1.922857830451298	1.9068544036264343
5.684059931731625	5.2474768170669535
0.023565156310486647	0.023521320443974897
1.6534322786841338	1.6511252108472325
1.9905579866869212	1.910072725912045
2.030618449336491	2.0274685796740255
1.8465284989095128	1.8352618957191957
6.084199674535965	6.0428062076286
3.810918395587803	3.6361641415402284
1.6683324235746333	1.6596123351985623
3.3313625947072647	2.856497593760208
4.967439400443264	4.873441474639922
9.01960092894212	8.700803872697273
5.2277417701371025	5.15596065429557
2.756843098709025	2.745983613700173
3.0028700022587227	2.834226034662029
4.056909010506316	3.903643642260857
3.497501368514323	3.483743652712137
8.25940485761322	7.794545880253219
0.1012536934903007	0.09268663433224766
6.406530915769132	6.367668112247069
1.6494717247065684	1.629484853312018
3.7627602009870613	3.751577583078967
0.3036277909096513	0.29382787852180187
1.204502973641731	1.1953214644720587
3.026954168148458	2.9460283440563457
4.675105441243412	4.467107101772548
2.903440670657312	2.8754137562885185
2.7734083841874844	2.610940647101884
4.561932338788995	4.532263478360368
2.014432945933086	1.9646819737286465
9.737166069118288	9.138532156465319
0.09592748005922581	0.09333294924725588
0.4143162250496176	0.4005947926813511
15.323561915028597	13.512227964945357
10.88793376038725	10.597355484225249
0.14872375282359232	0.14453929696684556
16.70881963980552	16.694571582632662
1.2106537417761785	1.16527681317473
2.280568719209507	2.1196194042046117
1.3993213550637753	1.385061455486101
1.3750381796469995	1.2906768163188074
0.2066694258972419	0.2065255186977664
7.294337822824134	7.198906997589975
3.6139215278710024	3.514036904066378
4.120896232312972	3.600582702194023
1.5481071058882816	1.4611111387859912
1.032852093826535	0.9816467156447598
1.188908392521271	1.1699671302796482
2.007789864131383	1.949295599556288
1.45604047311669	1.4342581112630863
8.962691013695654	8.274519322294378
14.421597536740894	13.855777608993808
3.9420414335290683	3.796577414322875
4.770049443403055	4.755946175626173
6.383381231512277	5.5765589009199426
0.7149892027687006	0.7083748353509137
1.5224858755153043	1.5192126649644004
2.4251737759525955	2.4236933155808593
2.4359882695727584	2.374734994899693
3.645110066129165	3.6135111461308838
6.557608671698361	6.250853520533323
0.3842038342240684	0.35530177788060674
5.777450622566645	5.764037667206045
3.676892212806768	3.600812256910314
2.4333998694570167	2.4070231489439156
0.9415070384266542	0.9359608652638715
14.27482841721073	14.013880789931287
9.292094183789112	9.240700173156648
1.2341800397313338	1.2225780074300228
0.8869480240606589	0.8652272972152489
2.0323717349121284	1.9921624273986756
1.4641870725052608	1.453486771438978
4.680454993399321	4.614858958779406
3.5206936326285376	3.3975754280051946
2.4916426378682326	2.319735219998483
1.6837257212622818	1.6235796930566722
3.546900743440742	3.441097296308259
5.707079805972464	5.705217537282771
1.0783427543082427	0.9972624477535086
1.684551477130443	1.6308181005826887
1.3366951332958572	1.3247665881818282
1.7693195750962996	1.718229632720515
1.377097358402721	1.359634164630719
1.2692370975589455	1.1248515475030019
5.275862142821032	5.105161000542586
2.1883846783615306	2.121112148851731
3.0419824064356225	3.0072389747359067
8.10863427734626	7.909012259167232
9.257406745183312	8.847659341276026
0.5910343924600869	0.5891141836340903
1.6281962034488449	1.5575530733014396
6.511110897652822	6.50889335441706
0.4351303790659092	0.430671575850411
4.491940198976787	3.620523017294117
4.458851787887796	4.275804560852372
8.001005655162917	7.938765790080299
3.9471184776081274	3.8844752134597393
3.120624449140904	3.105536714384191
2.951854153011178	2.771139440860066
1.4334994681781592	1.39668660330526
2.3157918432851767	2.262667724376327
0.4180916957502823	0.4144160025676019
7.012050843555898	6.789973444951039
0.8635086193299792	0.8577793038836564
2.979452263873953	2.9736115157185448
0.6392830484582006	0.6366752089670988
6.060432603452576	6.056745617100891
2.3667098432401343	2.3054256546323733
3.030356972258084	2.935353389475342
2.40163714495821	2.3862215073572925
12.087203860154977	12.05077765243966
2.552681443322071	2.532204144412939
5.457930204082238	4.814955751093165
1.4886900152178766	1.4594401129736136
0.4843300925436448	0.4788251068128626
6.107951591621993	5.9227880325927575
6.912099991252653	6.751549207791026
2.1529186716343496	2.1213732108202867
0.6761867725959521	0.6570531767937879
3.1682871746317818	3.151138419822333
7.512524981631928	7.438912926857586
1.9475881729769693	1.899552276546615
3.116290770107442	3.094262774641031
2.0726986420485862	2.0164836596041518
0.27955960555525305	0.25788011506328673
2.91808498969154	2.908475721613021
3.467278181811555	3.202371418599296
8.335041692204154	8.302981434741918
4.080910985381574	3.832592004459586
0.9861654315364595	0.9767526126432303
10.776323729213853	10.502900260759862
1.3219520190239367	1.232647976416506
6.848675696503273	6.676564919233351
1.7925216557403476	1.742459161332734
2.35159309786893	2.287484265223728
5.514438371473903	5.147452922454965
2.4869767080234957	2.452830364362625
2.2148078424749906	2.198036500587071
6.636732858489019	6.508240278338823
10.220556625694735	8.419113355579192
4.328794454583318	4.305021205793288
6.119648410669574	6.043090959015557
5.146587796444593	4.064124722278778
2.0285381836395415	1.9832997078381827
7.763318810279161	7.4620933522360655
1.0464096460445567	0.9985966407472975
2.02657754939478	1.9222077446103012
6.165344282889099	6.043858854830398
0.6587674178776072	0.6550539702615742
6.2137996363331665	5.869086726285102
0.7424812701292103	0.684013583652505
0.4641510628288965	0.44823966863581594
8.149224780894908	8.087996523567293
2.4947413514494854	2.467508915430177
1.3267212056900053	1.3221290172357607
2.241636338556002	2.2171804309469514
1.3705378065073441	1.3559946410513404
1.6426561478985127	1.6284584856347142
13.161301147360222	13.109062571128986
0.7786869875134397	0.6467406306852074
4.430796286277712	4.271387181941493
0.9076143026938728	0.8973475761151718
3.9901588091159486	3.9889107737834975
1.3548408508566487	1.2940197714733541
6.553725338540372	6.486762222219182
2.6792412428554178	2.4700006024999817
20.366014465806288	19.504415644084233
2.274350295161866	2.2705776271189526
8.395393992251883	8.225386875974365
3.86737834326863	3.784668272526753
0.8945625168945667	0.8336201806137928
0.23603584749805956	0.22027498359484315
5.587962158629679	5.435183934995041
5.689672578590968	5.595958541262849
2.2399406873759475	2.2350505583100504
3.5768325356304214	3.5679189442644423
4.662927029341324	4.410622348983013
4.002620120982488	3.9801801473652465
6.427924950486607	6.396682247939726
2.3506440732114844	2.3294262664976433
3.7074726561112312	3.49400724212703
1.6389326436201432	1.542693243955449
2.90361535379074	2.8582779026246627
1.9686246867162853	1.9526804437351748
6.737656703692492	5.8261303757811085
12.063061566109324	11.382800278333644
0.3262182009010807	0.32433112134331515
3.01775914173739	2.9785795199284943
2.6520494386192386	2.6301270992454797
1.9470749157226566	1.8354573327593788
1.2316761290974745	1.1467350137126455
5.560958539653624	5.442538610782016
1.6629934486842806	1.639808225840004
1.5149202586353299	1.4362794398275207
0.3833664154253581	0.3772281209693628
3.037030495578115	2.9843017614295873
4.675367202530078	4.4553494030724305
1.9315307056928557	1.8869400602836273
4.454648382397664	4.3808780207187805
0.6058617332359723	0.549533535701973
8.730601251594269	8.309729588806455
6.504556947523587	6.078362147473517
6.447687255477675	6.117545384880823
3.3006211176307123	3.183223384688659
2.038913088007899	2.0255432142660728
0.06913624918573229	0.06890915531439844
2.20077721636869	2.1822850685145805
7.095949704947015	6.947676818592596
0.972022170265565	0.93952341818543
2.974861366268411	2.960404170243681
5.449472080907309	5.337250688950753
0.08179746272484774	0.0773771452405279
3.3610314583534087	3.240861501098952
1.937671965045102	1.9084160869455824
14.298457192180267	14.289754211200918
4.038443917558769	4.037589984953762
0.25486145251547665	0.25428878873323685
1.0337561854177681	1.0085878732335274
2.761707630149935	2.7229221520171145
11.374189780293197	10.688067937160334
4.429585324620609	4.358220803506875
1.6854104931853484	1.6249456256016015
6.115206421483535	6.062674232621188
4.057698221009034	4.038285958860252
1.9317347435062826	1.8744933449603847
2.9134618574496254	2.6920156879698665
3.734312009832502	3.713731266139079
4.031542338884859	3.951826148099176
7.525770482788765	7.523410850925327
1.7819437209409201	1.7711033658970041
6.373447134368707	6.272801415612846
8.31680955007698	7.881464226090934
5.1696934916521515	5.064186181721347
9.684488641044682	9.577633697413477
9.944880695720807	9.647778346491872
2.8101886007309345	2.7654613396979713
3.0856465042848846	3.007309215106912
2.8919372210483	2.8656475476865726
1.9293669779363136	1.8904782398430886
4.925499264908931	4.789893957564488
11.542399534009895	11.225433583092618
4.96851880703428	4.845159343613754
13.215361236138197	12.790822541534835
2.889383327502184	2.8870972369585477
4.9908813109044035	4.694019392216648
7.901754608648574	7.751398576857251
1.304294927889365	1.255110572307988
1.432881652954373	1.4178579559492666
0.08100252826363899	0.06551206072992992
1.0050361109037718	0.9782567899667436
0.6128149850535141	0.6083803977509263
2.929597561870957	2.8686499249018995
1.528137162433667	1.3701186668722458
8.437708739269889	8.20494913923218
4.127610694937543	4.110382353472553
6.269716725918553	6.219358456914992
2.740773617260884	2.700500278460414
0.8442507278520853	0.7829297287945268
3.872677365994878	3.8384435715001866
2.0411705999200374	2.0195315124543036
4.004700820032569	3.964632556866237
0.6603965037073309	0.6601972698700954
0.41688891916022375	0.3962305722935114
4.246542881686252	3.954350972386062
3.342510233349216	3.324940468111717
3.183552524358273	3.16695298936967
1.0275284391726052	0.9908478248757426
0.1952678063647504	0.16842229907758405
0.2349307057103373	0.22630340805735752
3.1021781098378836	3.0764790705813505
0.9896573184048586	0.9783936663089078
0.8436404675584438	0.8333907535070608
2.780367890711885	2.6531189770224564
2.2064046985038566	2.0726771321255684
4.224581857481236	4.146874289271145
8.489663127952234	8.263955810678128
0.10614312671790285	0.09836088658538364
4.580593115656642	4.448188639896087
10.086559815183072	9.82718055354872
1.7548656482248917	1.6889484567099924
4.155164069216004	4.066650169325186
0.28351883584134635	0.2717875595796032
9.266826562438082	9.035267245765338
1.6490999447696773	1.6463896147702908
7.432287978536078	7.384997623223339
8.277961921551594	8.270874564184584
4.200164977142636	4.129775834970993
4.490909058070306	4.4374633958307035
1.1220322935763711	1.118239734868136
0.8502034142948612	0.7640298933972496
12.01299270491214	11.737723970031599
2.2742356002176667	2.1984579455334816
2.891309267484263	2.8815432290439995
5.8805180753007695	5.847672344108798
2.0981855115588184	2.06947965426966
1.9374567217478154	1.9080802007367956
6.154618549341822	6.099821390983775
1.6208687327035465	1.5634601938857011
5.64584382362276	5.496367302357271
0.8097606943505783	0.7666453351529663
11.382289566338944	10.22294052212708
2.4223549788565153	2.4214625038738578
2.2149858002868763	2.195725726743882
15.16760162009649	15.11497126876296
2.6790760713466026	2.6088389313376057
3.0447148419422407	3.0310193586170033
1.763692343639917	1.6782516068460318
0.5045005725147648	0.5012694524398275
4.653454414832364	4.088400234163815
0.7480911236084719	0.7456803342390853
2.2921232183210587	2.226262917545743
2.510394513246885	2.5045346300498093
0.8117296362224328	0.8081268137197258
1.3250809280623561	1.3077836239181848
1.1654683204935397	1.1635624205503252
2.624441448113968	2.60369294337347
0.18944344251018497	0.1721784408997356
1.8442110155972746	1.8333255325890692
2.4020855076617518	2.355467922300417
4.6530240465718204	4.571360528546807
18.698788187563558	18.388494955073952
2.8825152779358385	2.868062211279464
2.268953816328853	2.247977356530332
1.901807470486937	1.7974502825213166
1.5712485634128808	1.542344212929034
4.24612243268047	3.9206643804798214
3.691795154151496	3.642309781494129
4.3017540042412765	4.253917481186647
0.3555901695064719	0.35471000964324156
1.639985300721799	1.5831787254952776
1.6048330691646755	1.4411171411669523
4.393075469569397	4.3403967519567015
6.083084279183203	5.87724837615461
5.904073426188356	5.663088696420837
1.6834864817365556	1.6483502553481826
0.18255785609272476	0.17902331919314568
4.582013537900831	4.527062924192479
0.4213013953685552	0.41942249589355013
1.8233468680766791	1.8053382026228917
2.280458276800833	2.089127600106431
1.6296951218156976	1.59215259255799
2.688877581433599	2.5359026826765465
0.5487427825988115	0.5305734125354188
0.6898980269157562	0.6720157569231319
1.8020411504922023	1.7662639137603091
1.9492918581057634	1.8532830567036789
1.6607700121782143	1.5742608852060362
0.6776856496251104	0.6740902557989058
4.693331054543564	4.564569874440964
1.1748042161207122	1.1663914776180442
4.594757049221911	3.9139638173180775
0.5893187096369511	0.5809359639275244
4.119599037310999	4.070800186013088
3.177018618607437	3.151858949758096
10.18390645100004	10.033459153460136
1.827912010033951	1.7026155778610865
0.4904561936932991	0.4802821731912774
0.37347604838884163	0.3676192098455487
0.6661373982595656	0.6321510038276903
2.441512791654008	2.3695545281855797
3.2533071329038963	3.1287114051187457
0.5222410077954547	0.5218006396644573
0.5968998567943967	0.566969967114507
7.889687217276859	7.721818113833692
2.8626053832104574	2.3144769048114457
0.8896862015055478	0.8543431730929775
1.5836912105588492	1.5269546271461243
4.583273895557392	4.46689677851174
2.1381595571071315	2.1326722120488792
2.901852719411824	2.86488791505601
1.7313202673336525	1.6644197012259825
3.2896848243427033	3.2557933541918325
0.9999582375324191	0.9985234998195854
1.4748168621918056	1.4739402509672734
7.883032280060164	7.849077704724266
1.5781496323552076	1.5478426517773767
1.4998696649779952	1.4583402348315302
8.963530260609618	8.76589101130369
6.103676783931202	6.009110903447695
6.352740572083939	6.335395429340931
3.0352570424318883	2.9290269577376686
4.84784614727107	4.811552908060015
5.004451988091975	4.876844127523818
5.796497650409036	5.520358414813504
2.359810137161111	2.3479752248402144
8.825120856384045	8.416170326306483
1.7935431241532822	1.747906481307511
2.05000415597076	2.038906720032656
6.062973019445095	5.98606512712188
2.04511815261496	2.0150320720653063
0.8593600283401587	0.8465171719023626
4.102509212763385	4.098367647539884
4.642717020667039	4.4138616158529125
2.863727853413105	2.5536524578987283
3.7105581056315713	3.661431194849766
0.5679608806439668	0.5283933814304779
1.8112657885789083	1.763024806705242
4.899479220069169	4.608145992526388
2.3536970524759986	2.2947508200227333
2.5458553953257	2.5082471996361573
2.983688304014689	2.8006002784132864
4.779046437947515	4.730538972883975
3.97374081603923	3.8948079386114522
2.6951348648552775	2.6899879650215888
0.3027486377262835	0.2949002764858731
0.4040888187849565	0.4022198795297382
1.4450158462225136	1.442199958925691
2.292909308066206	2.126439334119812
9.393072316185028	9.336469702880546
4.176218145711454	4.109449808350608
1.096171416119475	1.0785149726431993
6.539973843097197	6.470873632451486
0.538432219556231	0.5311627285244388
1.6215920643285566	1.6056322602714217
0.1784310167727008	0.1735201637769038
0.01370515591894601	0.012801717094310404
1.295653030394822	1.29369966813597
1.946733174130647	1.862057772493117
5.682044299932908	4.967599222914658
2.396226077949841	2.3693052420535223
0.9646298904451406	0.9627581077823351
14.913973157281433	14.53636538854258
5.098282962998839	4.632796984931204
1.117652553952785	1.0987650716795456
6.024600292070821	6.01939228201458
1.9090238401571076	1.8421257306548857
0.8620409151646659	0.8107760418526037
0.9472368124523398	0.9295168827713669
0.251101172645234	0.23599628567709516
2.492995203505099	2.415754057566701
3.4007747143958946	3.3839040318093945
1.7754966294887495	1.6840463868772184
3.3447014872983933	3.192117143948285
7.3071651456079625	6.692646275707874
1.694341219547069	1.6198214287294492
8.07806008534771	7.169571597964139
3.9130415303278627	3.8557099003756217
6.4589451554411585	5.891706366465963
1.4628100611659294	1.4216536568620688
1.7544437037349991	1.737328775031387
4.458412805551696	4.366289097349271
0.6763951512388943	0.670712150987977
1.5213190869689246	1.4770624761453632
7.032167157470974	6.89727045720912
1.4235190455374749	1.3922784104833668
5.7758163965191915	5.773233553237807
5.494028147109273	5.13404080091709
1.706730392944226	1.64417395731854
8.172797853259768	8.144649017256482
2.4259366700050933	2.39734540651874
15.289758662251181	15.153961893865008
8.237217305350292	7.9992115880283725
6.53294611266489	6.500302819427016
1.9308434152289526	1.8639789457234646
12.613260829798108	10.926683609250352
8.918745423120056	8.876830114074638
5.903182635863152	5.806106781472028
0.5117446451457405	0.5079269491272481
2.0096070556893304	1.923823720857684
3.3918626410561927	3.2332793744008437
3.9904503997154332	3.889212147351779
1.0502142121325766	1.047536460645869
4.45415148098218	4.412417850884613
1.1851828163444282	1.1779956549299366
7.793366649504136	6.618608610861451
17.475117540674592	17.20367346113192
4.817257796532412	4.647982862373629
1.2341969247999967	1.1697757470113
2.4182091166170916	2.4135773706797856
3.226581783022379	3.2205925861681535
0.4710357962511901	0.44932842753029056
0.727568129708328	0.7150639562375113
9.539661441586908	8.632511512831735
3.023708281591914	3.0126906990485995
1.558936361945278	1.5287682601485677
1.710684756660465	1.690323140521579
1.6741109500950049	1.5199002274744131
0.642015447797803	0.5528613920676916
1.6693268526993963	1.6601766853372542
3.71310985410806	3.712265258568134
2.263585110890722	2.07349112509997
3.778509727571221	3.6207321122873917
0.5961036114886143	0.5910141811363633
5.267801740152662	5.198751063274505
7.818076621629374	7.314583614849921
0.8433045661447608	0.8409822881630771
0.21057319915379644	0.21002109430650912
13.282709681030264	12.971170258561031
0.5766452841358385	0.5645112316703472
3.415439790414367	3.2470639745836896
2.3938951968523305	2.3314138751259135
2.9045186803518037	2.835747712298277
1.0641569190246778	1.0390570501822223
9.864193199171895	9.72820914938974
9.168405276705805	9.145106573149178
2.163920723705257	2.162609478434497
1.880744740766269	1.7986732537795813
3.003060806469222	2.5685155888013567
0.8724322658699246	0.849614802013907
3.5823418836183945	3.292168565520599
2.5593825314609346	2.464519179679851
3.87587994701504	3.829399955330971
1.0317458020090715	1.030121031840817
2.44011885255817	2.416860688886068
1.9281981144530953	1.6665561298993214
7.2118837099475614	7.067718537049032
3.9136335325487286	3.7807326801432612
6.9146607354041505	6.716209425964973
2.5156312843333266	2.508888645593485
5.058699591128732	4.925663649797924
0.8209997274914219	0.8096280194039644
4.8727423442735365	4.727924806539656
3.6254856059188207	3.1612593789785524
2.9204656022396294	2.792140532700992
2.350811923659483	2.326607031058082
0.7644140762921722	0.7630946817503994
9.248353657635494	8.207709099077148
13.238846833202931	13.010666839302948
5.708111699504301	5.613126216008339
6.72677724949874	6.716944416035404
1.5247638426156054	1.5091238930694917
11.574478460665176	10.306878893883514
2.3603120117637575	2.274756374275011
1.0871183045999304	1.0240465185005638
1.052280273350292	1.0284519722390086
2.792881900160692	2.7394534749935264
5.062310052112343	4.885552613194069
5.816059731346997	5.631604477714757
1.2880491966257268	1.2315247715626922
5.986750519968502	5.690858686385312
2.821255200435113	2.791019901855566
0.3825675272457982	0.35295912364555737
0.15632419513418608	0.15611414731682752