# error for solution in subspace	error for general solution
5.661028077422713	5.600679222436178
7.346350527916841	7.312784328975182
21.847762251460335	21.139810726656243
8.166083557059302	8.142742053993784
14.677583546142506	14.487459184467802
19.67370022077488	19.553025974106067
4.4535878570155925	4.452783841606442
11.501645080068778	11.491885712877288
8.466941937484314	8.23796738564818
15.18637705149375	14.539085664247727
20.477054404476565	20.249201929296756
11.5985902371398	11.57089989949499
14.493750512650584	14.403302091407571
18.936880771034595	18.858290181359504
6.252079616388748	6.1884565162834315
13.208534250339945	13.18500540282348
44.60429884781366	43.768809149600095
5.454954249138846	5.243041455544867
13.136279315716315	12.798150539412118
6.545516720278563	6.525951763428218
35.16600141483474	34.61326804456885
19.487138875725435	19.0832863897538
25.45310460870102	22.968212718806317
25.070560552567226	24.62946860146993
12.40726164634746	12.188691894447299
14.322239462772874	14.248434068626116
21.59229681347352	21.510388817078745
35.74420635003183	34.557463487649066
17.553739791728923	17.42041664739192
10.997231251639938	10.697595908480725
32.62331174118487	32.54867122278872
24.353643403488423	24.28831446690085
4.908298167251323	4.877020929165721
14.3038140827405	14.111886623911905
10.08808245916369	10.065597167215923
4.094799145103326	4.0692221027988085
10.526516309528011	10.471774694122816
7.959551678880875	7.95124388258626
5.446906059441876	5.361892795829208
17.31752046025355	17.216372734695327
9.311436221268083	9.294066152726177
24.877781282555553	24.305326051985308
14.960630998116711	14.946283623759557
5.985289003968394	5.957996678462575
31.227189911258307	30.883156952129294
13.641559193271974	13.46600734799205
19.281358986437855	17.762515498564554
3.6766859568772086	3.581227063418576
10.878760607672742	10.850527816371669
23.66905773822732	23.556326163691573
23.92103563524285	23.76388489803698
12.088591003048677	11.891608979877903
17.52309164821855	16.862887239594027
26.164932144751216	26.09318382795943
10.780966180592635	10.772323919240156
11.942282616979593	11.792627293665456
8.351260890951947	8.009455199636134
6.736247100420938	6.692519130058047
7.2833140930687055	7.174528959070098
7.318961231111417	7.316238510463953
10.526958480769082	10.499645919203408
10.566141790944254	10.533811002044722
15.929819097469595	15.810359163178337
4.019649184133187	3.8703129721211766
15.786600991400434	15.066579822104224
23.45245588556537	23.203941164111782
7.061195673717108	6.691056798580957
12.935462776065046	11.143882305657536
16.41144041280868	15.664337008742043
25.302291675631977	25.243761867640963
22.46218846213336	22.394768214798543
10.237602472174801	10.221275167001613
65.76881585094542	65.24772357330127
5.356695757590973	5.096975466606019
13.35302994176866	12.774188148286225
36.35726209436692	36.154479362531625
23.709397014883404	23.39583668898081
5.105943138865461	5.013180805599399
13.872508031776926	13.657914830042165
6.005683445165177	5.887643625602598
11.794638756597692	11.774633560298613
9.226249157653596	9.190562138023775
21.576872749154653	21.543555095099563
15.959296853049553	15.370985896325998
12.733744179705107	12.715176700696656
21.44300727612746	21.12215174128938
18.14438891099878	16.913098145515942
16.681764589123716	16.506749918908927
18.45215091153545	18.301191666277784
30.368139559492267	28.606943288295994
15.517654617922108	15.380009133288773
9.604553810982809	9.550046200519514
34.91319032348636	34.36079622058158
7.190459989918049	7.07041648001299
24.544579673705176	22.97244380240499
28.59524717431159	27.529931128968666
25.34389770460916	25.24910704289986
43.70160913312987	43.3278499066908
17.68627313066412	17.539824849325313
6.3879050483769895	6.27253606098578
8.733864693101719	8.629021105441414
19.1212898668736	18.799157679699068
9.87493362214381	9.827812410744396
6.728205258514935	6.639725351065547
31.358965964891336	31.099985574861144
6.871719023665359	6.801683348659513
11.912695365300781	11.532347018871617
8.691891998377066	8.635789234119374
13.199046338364862	13.097391042138694
9.958664832339885	9.933720600325243
18.528550572679475	17.47901590033344
13.365253965688044	13.329280094826313
8.210221237162568	7.956200307652765
7.7848172213724	7.573498622534475
7.649853136980899	7.391991030258839
10.430019416702649	10.14748519106358
12.780734507548832	12.758469614512691
5.884572596133683	5.882431243717505
9.460542900786374	9.308081591764246
23.205102042777416	21.35513565815006
14.115693937737518	14.072174491175446
10.272088630551465	10.083715080062731
16.362072163094084	15.830828422798636
28.98511098659967	28.944610163073087
23.680599356723388	23.258554168352344
9.401263727381176	9.304990634980761
8.583664310293	8.55154019180302
6.258456026098359	6.100088787484732
26.420415342990843	25.97979948224175
18.569100888499836	18.085482023038352
27.48704371720885	27.16720138257913
8.8829244102755	8.59127790841133
22.07201884312006	21.88878843064414
7.168590970366697	6.616095036053268
5.759118189517155	5.640361322685413
39.846663005732296	39.57178052429414
28.06656041851595	27.82679881348311
10.56121795905042	9.958414872255805
13.00478059753197	12.571766990750959
7.522166153166772	7.472564084763633
23.1413082581103	23.125647609363554
17.141835610823918	17.13024516938267
10.700637085286667	10.498455970925372
18.867313347250597	18.621156594496252
11.595345556308182	11.58937459291384
11.038317412838197	10.636437959422043
15.709156630624227	15.633155608805033
4.1356293281484175	4.11811277145788
13.895183145392718	13.764284982112006
9.495152321628876	9.3470587923319
23.413012676608336	23.023841349174578
5.864965955691237	5.809314718511736
16.055491770686864	15.951866985044616
6.9163304014400895	6.847133179962776
15.3849695810229	15.176556563945516
4.717787272485057	4.629940440690103
20.803886276903214	20.290035611039492
1.7677695458147216	1.767518763064278
10.877047423092078	10.867412763087856
6.36288522544681	6.2836065624434125
26.437781352570923	26.171306328715122
7.0182356850485	6.916095234807192
14.206947503768593	13.96381334730296
20.854688855368828	20.195900388830275
14.970121276936345	14.479852494919342
8.265389245135557	8.157394138254368
24.234613543789855	23.651194333177795
9.271247691725085	9.011734209446182
11.359060872131053	11.323881076086657
18.705707980727013	17.860388875842002
12.115910465695478	12.084216622267197
3.003734511289558	2.7866193789508023
11.39925509459728	11.101346648838922
14.552371816081092	14.305550974094238
8.615066801739497	8.607651103785694
5.1264234398711	5.042739136531505
13.596089952546624	13.369881512058763
20.033529547343363	19.94772708297288
34.786549064135514	33.805593117191954
11.445915723828858	11.415377306727093
13.37705448470865	12.794063416324224
38.305846468940274	38.191443958003696
17.937787715988495	17.74939890687481
4.441818809068243	4.430827634462123
34.27876939158498	33.47634295623153
5.038155938415976	4.833552157153811
13.209590631660664	12.639115056903094
6.804581689415578	6.675231307517511
8.628292351409097	8.355895298350436
26.740388315564424	26.693151299919933
19.90475581622732	19.658631682134683
5.280567031934182	5.2544753769654
16.893801780653813	16.792433534098603
14.068166301991214	13.803906527133307
17.604738859083106	17.578384093744372
4.568875698127384	4.505380399665634
6.469439936185371	6.452578495103123
12.45421618775969	12.35906820803662
6.955640348155192	6.667480682892146
12.479206942130798	12.189597179645487
13.603583034234356	13.548381829815476
5.412965655340415	5.410381523392139
30.710011561216692	29.773459374693886
11.133409454405774	10.932645305597228
18.37911438921229	18.095181909607103
9.659579715218841	9.540063304106267
15.232526082222028	15.087182111191137
14.821146273829504	14.069420350660193
8.976972882864466	8.323361636095656
10.026547766050609	9.87725292990555
3.2971543072682716	3.2689679395464863
21.58298839158476	21.413878250572946
30.961502578857356	30.764547559346834
17.231256719618152	17.21016414138049
16.595064399539698	16.285854509973174
23.390084289985587	21.70895485860664
16.984760298495086	16.782660720789583
3.103546293117629	3.094878172308027
8.895334317458833	8.876739394085092
15.826347903846154	15.594723469139186
18.42298333624274	17.606397443155565
16.92647608084968	16.019448406127964
9.594910723828649	9.573775686284456
15.897867282412049	15.809686019493677
29.454931124889697	29.071691898008208
22.298682878113393	21.968827817417804
17.144039964081355	16.6810632330505
5.721749212086989	5.40613389786615
16.846460734624227	16.334424715485458
12.263832017682468	12.188188371216963
7.051723355939675	6.994368568770877
16.57260172355074	16.113756404195843
12.780884281028591	12.09954750794049
13.788409387751393	13.277629392717525
15.251554381771806	15.230230014388745
21.146513260765413	21.053153029888843
12.82595441887543	12.34423792275323
29.580961574818858	29.418122878524475
10.360563970147254	10.352363562145051
8.59225837238009	8.584117321948268
13.04641727636475	12.84939572866126
9.132695038795752	9.069517467232968
6.386638413745508	6.305807689316317
3.106894859025677	3.0709806079720354
12.425219888060807	12.235486074058219
25.025783430716068	24.5349373599351
23.341901032203968	23.130361028374992
7.301096588667997	7.248796940246733
32.375581910157706	31.542558242041938
16.13023559153488	16.043661400829638
10.512605235949746	10.434721826617102
5.65947320145609	5.632845788217757
8.67936021009041	8.57476414443945
10.456691102399779	10.259748170001574
13.278962073315839	13.169697036096322
18.493057431658663	18.2867628728108
6.74953039300947	6.657208112151431
22.532235911696343	22.388100874959523
13.732261925470725	13.355893055090771
14.22099382712445	14.068666000830786
37.66868914288959	37.44638781174746
33.94294733253971	33.718264635166385
21.700895910956056	21.451383922223734
11.426129992826484	11.263925542597551
17.00671119469025	16.99435917299762
21.001741822378893	20.410106137145643
10.786865358882908	10.680117232693853
12.290236664999853	11.986501370390101
34.206446452081515	33.68808203536329
6.733913076140647	6.552593705075462
19.915119607191777	19.876756802937862
20.59328518978909	20.28952183396578
21.989759151379662	21.736398262553205
16.973517536540953	16.945568947061407
9.385679789367796	9.339035372345958
2.881896271243633	2.852546855085089
38.24919789773241	37.95050658414101
18.311345278493533	18.119289110197787
4.575348248056253	4.335022242624526
10.204996045588913	9.856404788237075
40.86108470476807	40.674123936147126
13.44982930555131	13.317493144608251
22.289588256443636	22.085796691012963
13.949759530438648	13.707804418828479
20.416687341473065	20.097257885163913
9.672339243221979	9.522838738267204
27.321357961961194	26.093721285592533
29.245076215029652	27.63360480062375
7.596705978393806	7.485372139410978
4.527487130266124	4.462481334433196
16.584681739056492	16.58254887723398
19.8042387386306	19.481785261282525
6.860015970233724	6.720410824981849
6.283285786391249	6.224786005229132
17.08690258965918	17.086550514793483
15.357880216166846	15.235330721693371
19.7979474156924	19.775765894871228
4.634955124567969	4.4890845707547795
3.158875183808618	3.1088783273450016
9.466993234340709	9.347237603171093
13.129470589156252	13.019789154605348
15.1215011250201	14.951227322296276
5.41313351792458	5.330062629831247
20.24980609770773	20.075196435848586
16.7371258574639	16.268081719258973
7.661207627358829	7.606990087195032
10.146802793935333	9.846409611780217
9.012957683791251	8.633924017747564
13.755598719406192	13.646375363932288
9.845381051156474	9.791938575959492
10.787710940222285	10.726306306129596
8.975185228355315	8.773980055628016
9.186424782133212	8.908170920212704
34.77672090731318	34.59662760901246
13.889117882514407	13.86493458592666
8.682363798430451	8.514071072184674
31.53757300953757	31.484986809581464
6.836832581512379	6.670326843569143
14.010232540639544	13.603900128150546
3.375428355418167	3.3639987796189077
8.650701166750709	8.337306866513515
13.162101469486018	13.049293006670963
18.529786640643945	17.988763690001903
13.550660538031298	13.39666515589691
19.320847164237136	19.30363810861606
12.238934170858101	12.199919642192508
8.59938813198089	8.58766083763475
16.100873287799175	16.054963758147206
6.568489818830842	6.185569045138718
11.556360091726178	11.551168988062702
9.643904797677415	9.41942333241387
15.580015821427773	15.569770302565072
13.515508471940448	13.26233348076183
8.887854304147806	8.687889026529886
4.757362182410124	4.665535928234554
11.95943562426892	11.088972861733108
47.11156108599195	45.701075097311715
7.704289088547131	7.606499170660566
11.033737369340168	11.0060412886845
14.640846667010397	14.25240560662433
5.1411007308806616	4.854716735026494
16.608697019834874	16.518591990030327
10.023546646798703	9.810919080145243
11.681452686651959	11.649067619304235
28.134150506208655	27.883676542102837
20.558875136729064	20.317641101392738
4.378127593576674	4.377939262032033
3.779960955976696	3.758242342717052
11.931300799632108	11.860828470361065
30.10246545113062	29.718538747347605
18.640738114659456	18.603396320796474
32.88845255839288	32.552582157975294
6.477537471510143	6.452961607002035
16.573040292639398	16.445233103817937
21.86044412207938	21.316762543559715
8.418263938444301	8.263051972195962
12.881912554344558	12.476436753095026
17.431882035028202	16.929192471620013
6.951039989037911	6.90685332123013
7.0322835372076025	6.902736218389141
24.152919747449126	24.07135932431681
6.157985026640357	6.111592327220458
11.91689278329391	11.744211706578369
25.93750420971497	25.51247295750216
20.990244674375685	20.765952721807537
15.322494932135863	15.0871540986521
15.08517488672925	15.073048399367474
18.09333226186055	17.75058504937613
11.664643177668285	11.143053583081219
29.624404967877165	28.787319601074714
11.710764746106685	11.568565012330716
19.72184915049408	19.08892381856797
21.034950452601564	20.264161387756072
18.792995957840873	18.604302340527216
15.696895971748717	15.54638782809333
12.353675822826487	12.290644064010674
3.202990710454646	3.156863111551554
36.29549673698345	36.12063991105277
11.20763627311525	11.153528718306335
6.528720563341685	6.4342715643681885
25.704246938756214	24.879437835816873
24.01343616554479	23.191240718400117
13.920579413911302	13.865356675712317
13.278948481172606	12.238734324014658
42.45520789149672	42.168315769770594
7.634782302966661	7.568219912249519
20.526735839051632	20.523805366765316
25.404331063435023	25.028855695951453
11.314505503765638	11.13512923869694
11.015325444705946	10.369962606532594
6.187024145212121	6.0870251663806085
21.069512138602462	20.69586251285061
14.904417240202978	14.68801798813476
11.49566006918826	11.428577418394784
11.188109609933631	11.18066846677051
7.090947762580816	7.02454021615054
11.867323603188979	11.729915460237294
17.07015246294537	16.315856585974405
22.595036864346948	22.41641326666541
18.039816865036908	17.315262985653586
9.543951314787186	9.511784497354757
7.9170067743898125	7.869996585762056
8.873686794283614	8.47551664025712
13.34921366621305	13.285893622798893
1.9248662625656898	1.923034001248583
5.585142818533989	5.575522454627222
26.761190139193996	26.69075045257869
5.81466194661526	5.73669400649351
24.35399102763968	23.656598946147042
4.82585864675984	4.611846589297456
28.59278237418103	26.883667701465324
11.642516031342323	11.511502240137146
7.087111200427289	7.0345854692752825
21.497494139672735	21.04856601150593
13.632576124735415	13.61309421233674
20.96750031782911	20.78800530263789
18.623896908491062	18.43082972512413
6.176022364242472	6.105459120702873
9.11086023970599	8.87310726577994
5.820861664415462	5.682326932109967
7.897644476260457	7.85220136663388
15.756712752317322	15.043742859178293
6.781872089647676	6.69241688615097
11.96209602122201	11.898977756271794
8.236589004233057	8.234433781283833
21.188260633112407	20.420767808943495
12.97670216757179	12.36982295113161
18.469880185530595	18.402728458591593
21.348659332229058	20.65185877558444
11.542945314384484	11.492168029845086
29.304461841822775	29.166584464723762
9.219558657231037	9.114769664849225
5.476466643132635	5.318085543511778
27.026537039673677	26.12054680267621
15.489921943888946	15.43778950085486
20.13868344345607	20.123512356129282
15.815192020673184	14.591335443281654
16.398715770626755	15.817345926618128
7.499244347153838	7.494072204124039
12.409137368153486	12.35140723106414
12.811135370084923	12.678067031305654
10.295821218150204	10.219745421788806
13.40748024566023	13.048995366520584
17.33906200150534	17.10373069045378
6.606158108324434	6.508366429640737
17.651252197755042	17.59733578462363
15.230646606415595	15.141659016146987
7.587830881766485	7.5494322350202285
11.420779619347115	11.374323940329779
6.276683501299974	6.056872440088305
14.105075869480636	14.075252323651995
16.42613039070486	16.0623828353561
24.11443989949616	24.088572836304945
28.68299044490266	28.242683627675703
16.022809517695443	15.982852363465009
6.377188448308463	6.374818608412656
3.8882683054301705	3.7781831053906965
22.435980190501148	22.40500179373887
34.07747598066247	33.957349940949264
10.508052365830023	10.182276065950006
15.858602729389917	15.79872521293583
12.008845577953048	11.706611158545606
16.405321993122296	16.359783128597865
11.959159645856529	11.774048763250995
27.589704435722116	27.427832225447556
14.330215389920701	14.273141881128298
11.447986013961962	10.326198488515386
10.981236039357848	10.840231306604732
23.4609978128325	23.19358939681984
12.05218370629889	11.973414125747444
18.096404633065568	17.91988952595758
37.68044791471507	37.12510376391586
16.63437404274569	16.507363072393527
10.14018356795093	9.877738341964738
10.166909687338306	10.118684434070094
7.95863024376832	7.952339297384276
21.763822709042543	21.51494269414873
17.194483855847167	17.17084894462371
8.951489589189213	8.541895203305918
8.405667979102645	7.850202518555201
13.93423912992801	13.662162222549343
10.656066079107465	10.421384946531798
29.166814900272797	28.06743380715941
11.911138228586225	11.865079273182044
17.30226237869544	17.00388043272058
6.099761475649498	5.940200218122667
14.293561230563975	14.155348521371849
8.76771586164159	8.478328978830007
6.251382578767768	6.175221469439534
20.172262881704377	20.051980824258845
15.929547836868814	15.886206210532187
26.612607611227286	25.859795947562446
25.786370417108024	25.316118328196158
12.874909774509494	12.247646532568018
10.154225561608836	9.84290711056334
13.710755531042558	13.42624329017166
10.934527933177304	10.816167044087377
13.938323258823582	13.81799730712194
11.370819609213914	11.303197633604471
48.34165266049479	47.435789883696586
13.500230598251763	13.390677145503027
16.940978217773406	16.838066065482135
10.984298226476659	10.937466232973863
28.558935022208516	25.898476793838412
12.499653261438132	12.074271551795814
7.955178096629741	7.327547735313889
23.546970143726618	23.53909202169253
15.267120258418446	14.662038605741268
16.225821919416823	15.927176473105028
16.60421463750799	15.749954479078099
13.076606476365562	12.851193398486288
10.405155353838847	10.201161452734727
3.6064011492048103	3.598526219701427
20.24383591215184	19.60294151227833
15.076220837059244	14.974009140975177
16.666960520768548	16.257611683827005
24.955941814820967	23.72197532815577
14.391578128075123	14.340076442428192
16.811153915313334	16.145350021840688
15.59998813792808	15.39875569180128
6.730653020143036	6.716954563691774
29.43392282614968	26.02230856408661
11.877348270403854	11.816118018906707
7.53308754234522	7.531604034294191
35.40451987338302	35.20529189949728
15.990699117314055	15.781263871199307
4.435589171765569	4.4096917443620995
5.251373445596983	5.2368760359915205
19.362580016124433	19.31293495367388
27.12828852085262	26.991120014750024
14.199989106943393	13.870430481662494
14.78276865539756	14.754983636649628
3.3013227556318867	3.295452682202464
19.34890932024043	19.29448235078384
27.159106798305505	27.097771645995
11.496084749028277	11.38655665287694
7.198638275966409	7.191024581026012
22.295327778668238	21.985807354853762
7.461529545451302	7.174401465828563
20.24993063052775	19.471982902905
15.01458118440405	14.847468991800302
18.576184034913855	17.93102518658222
18.67250912240667	18.18427136005393
8.248268100483722	8.178717049190059
21.062408212236335	21.010498570328455
26.15520652647567	25.76013736058792
13.132341967489051	12.460538614745072
15.634277388575864	15.5903631019654
21.306909221253196	20.875682003814052
8.85143184008574	8.719549822847036
18.76718476457409	18.537066942308368
5.535978794019561	5.519007521696294
13.991421599346175	13.660226628856734
7.84418474388858	7.659924812486953
16.972551816961342	16.552083598196035
7.900177625294458	7.845042308763504
15.99633508157024	15.757780513493062
16.56467405822216	15.85728387287791
23.075063149990847	22.687224947463193
10.708068438082167	10.61460410049773
11.442130592166952	11.332251804805626
11.825341736731938	11.818008281162436
6.537078731100802	6.056156095446764
14.060978367490389	14.041019210838229
8.532763345108389	8.504563273409426
13.427763191951138	13.391900109701453
6.053845142880637	6.031794862714006
16.34038014123468	15.778371223173435
12.168086545537847	12.02958420784783
12.705248123997832	12.57264304654908
6.195440871979	6.195348636740956
16.45352146469678	16.19319215984219
12.997708676666006	12.840611958908962
12.620847135129251	12.516551684177985
5.325456735295223	5.286576574776595
12.677580801280882	12.56227181426287
6.419163906799898	6.362839810662787
24.191751126880444	23.989137562844263
23.40913109433614	23.130500421399162
45.6181229610782	42.62781754907017
5.391593818528039	5.306827210069619
33.47925889199667	33.279452222439595
20.793862795351508	20.618070541070797
26.607504096578445	26.429545836061052
21.5733249408935	20.89567035821002
23.381851813865737	23.294414283999693
21.308380012448715	20.97990081432338
8.76564718379095	8.682348612334431
22.948070973295458	22.855872905132784
21.460503232695256	20.614235880406618
6.520192181545285	6.487444606690443
14.498821554554663	14.489970266635925
12.592959462238154	11.827057196211765
2.7668729597649873	2.762643912419267
3.7930857266002316	3.719282714417476
6.508363215829773	6.479806661341272
10.871346531010605	10.839196464183031
30.393166863025357	29.76149703992981
13.877794886155778	12.294211263841795
15.947340410283058	15.46024549416608
18.373598978131596	18.16169538654147
23.947380905059106	23.92984493960657
14.266831970061762	13.850211373528875
5.512805736999692	5.4432347135251025
7.93755989903405	7.879029396509761
12.317758939303664	11.737968921149399
18.606308936133914	17.51830867798025
19.46706889246728	19.093173652498265
7.1028738130009765	6.64494012981566
18.060654289319285	17.965441142457035
4.586268095766768	4.551193844405642
14.903297902136067	14.710632313862442
13.452275804787153	13.249819815443589
11.022210052281205	10.242662321725247
14.236150990322184	13.76121715524375
24.244096710374336	23.763746041913247
26.29098873517557	25.960821647031278
12.053764332699412	11.934362709040078
10.46111940159368	10.398501601803828
10.055964223278204	9.95952381683961
4.762141479050911	4.745546445356586
18.540318076174866	18.480261879391286
7.604977345023019	7.4884674412537615
3.3806952410912703	3.3657700700420814
13.669749828165385	13.602183524437171
11.740746315029915	11.738729614197114
10.66703668646682	10.65469960370256
18.299193262945757	18.054445367579433
17.579124198214632	17.39175998412449
8.353318590403763	7.8060455372882105
9.349042610497643	9.348598514470886
9.004163692756475	8.66136005468135
6.294138964420687	6.164909352268267
13.89870279956985	13.654779402837221
13.637133988363205	13.567636705649205
18.51411476611878	18.23949300718787
12.77560184152503	12.61919236953469
38.503005678266234	37.600637767443374
26.579722369833245	26.567820255845607
8.469775366732527	8.2348251706292
22.941139570255423	22.02420592942067
4.472984351912479	4.404732317714336
4.587602503862151	4.392649456101342
3.5212545476941806	3.5136982047454723
15.047416326873998	14.456859993553307
17.978382942947626	17.728768005654818
0.9017072195539733	0.8875043039421757
10.082720463581028	9.991285607748123
27.603553252436257	25.321110047524893
16.2205684641308	15.824057854036237
13.202909018489814	12.540862659061238
20.76667152798072	20.280827112119944
12.003500590224922	11.45182665449525
19.762269426812637	19.494442482682224
29.012150299668384	28.92334037023022
12.456553022128423	12.259435298712697
6.716512491338917	6.685665241521489
44.6194381846723	44.32609987875018
4.874613616940569	4.84611041261092
15.038890847441525	14.396350140706172
5.965752037587017	5.923679024469702
16.510610922059737	15.967676681037425
17.116637145597938	16.92068133318448
4.743295373770952	4.714293939350289
3.9004147167578713	3.8957866885455856
11.199112175026888	10.916082666173454
5.896239422003684	5.804424467199846
16.067668827852774	15.811117714757685
10.210123350373955	9.973189133533081
8.279621621129074	8.200899074777121
15.592250668286399	15.369813115928785
27.230635880060703	26.912411192756547
16.182307393179066	16.06770870276419
5.6047637810652216	5.5461969038514916
13.466194586679329	13.392136705717286
10.286334303410866	10.124960134816142
14.67207825170207	14.567456025009317
17.210713820100253	16.537750369274235
5.432939615075258	5.360617350067829
9.253253622075924	8.535229223947045
1.6647947794200932	1.631962663556615
22.467410200620783	22.291310349444842
6.581113422631298	6.3146675363117355
19.924210493120157	19.793240368551036
15.195197990667255	14.489750367342456
26.720795064874796	25.94342574798637
11.79188723153733	11.78995646231876
10.564135992449522	10.117226540330208
23.59882659782261	22.63926850179781
2.3916117913552877	2.3764605823104286
13.50203495333447	13.115228246692281
11.988316874284859	11.857173642674274
27.084337929075904	26.636552591843056
14.423867705822955	14.316928265814601
6.634824278068565	6.511946369982445
16.65370152460695	16.571478376968496
8.358324759381501	7.9317963350031535
12.21251537972328	11.609511729871148
15.011214346140333	14.857804474737627
20.870593057061857	18.872131668228764
8.66278310755852	8.450793030075845
26.135966299652203	25.646135588953463
5.916445090321512	5.887497052895766
8.194944590958665	8.160835644609369
2.513341087208713	2.5025797730207655
12.821938766309085	12.821708730116404
13.904189225521334	13.831759352124031
10.213556665193934	9.962396377687172
4.688609591159163	4.661019124096366
5.267156830010179	5.215431378098389
23.22930340305493	22.327772029581876
15.44962113096616	15.404118672031641
3.602581913741685	3.575391938565614
23.730798450207285	23.260415367912625
11.114718281643679	11.095145208486462
17.440543891075823	17.239784333484426
11.701057932305345	11.634890805746245
10.362870145637984	10.12136185912873
15.254948874789239	15.168240141151502
13.773286661344567	13.083881318685453
6.43651321890359	6.243423555408336
18.27235964319314	18.243986084195374
15.349865682919912	15.313662288454168
14.961503582372377	14.866532100724168
34.61190962911911	33.11081507910016
23.561128984140122	22.28142853274951
10.223455841362076	9.864790587605178
10.669101126028808	10.656051438703248
16.11169976065111	15.383839340509633
7.5110402679129376	7.244173305771951
11.534919755355984	11.361135169587126
55.05976887953426	54.0600277727129
11.68503927529309	11.424401501545754
23.26468442344433	22.481252000287395
7.517716413989345	7.389685227806895
13.832380637082496	13.684725078146867
23.487828574025094	21.56398837062647
8.361096217072642	8.236006710810617
21.61419858347348	20.727471061594038
32.5767066464381	30.18437964259352
10.74090449741829	10.468867273105092
27.507315548516306	27.023756314774175
24.96359276295499	23.938927765737372
6.867549845320323	6.844962796152318
1.3914658247050644	1.3722608623251535
23.672818072641363	23.204757068596205
5.312034846729679	5.165990548559721
17.54862425923136	17.36636710294261
11.467140416525577	11.16799402475237
6.482165213339916	6.40972900617501
12.061642661339611	12.021110372603738
19.484389882603942	19.09984082721866
16.975053910612658	16.965391838608916
13.89941038070984	13.356734741346788
20.071452996952825	19.689892274951713
8.76904999795607	8.745656170804757
13.699799921542768	13.638840428844608
4.322490833443958	4.055129309827661
15.770247740786138	15.412867149710458
34.02576900350249	32.79281998711138
10.271362752547008	9.85180360193154
11.263208352651507	11.239893958281073
10.524016199921796	10.281411620217229
8.332680212297436	8.297766402518347
32.34894124323684	31.039467994781454
20.667674467304995	20.483800127508335
15.167617425437435	15.146521014330482
4.078776506109496	4.076302042166733
10.696050540365238	10.555511850351452
6.056943055844795	6.010370838248981
35.00236932612567	34.69576692294476
3.931424215792428	3.9005191876342797
5.361085326255675	5.326347930862156
19.170308112333917	19.08487631464981
5.693495827571446	5.476802867719487
9.956712441114844	9.863468820745327
14.283298167036158	14.10628133274575
6.914452487901091	6.659258353171876
16.735022617822526	16.433409926010228
12.43105314535699	12.252698179549919
7.389056182817415	7.061459346909364
14.862896002311897	14.83237663644638
9.413866207862974	9.26508130177658
6.893848531379351	6.842849009717035
20.61261357376913	20.15579109671951
26.892974075242176	26.610713545733557
8.595533860808358	8.450142479550253
17.9034379858768	17.845510465749143
7.354591728013427	7.2651727564215305
34.933582494055585	33.533550321637
11.414546237027631	11.376385123119308
8.857214464735895	8.55758259792335
40.7714054184519	39.470261613103574
9.427175213786937	9.388677821544004
21.49780325020297	21.41829647747943
12.847586845199118	12.670763249273923
9.06250898639554	8.769750818087875
8.237966706572145	8.167475658081832
11.533694513194733	11.501247964005072
8.90270701113512	8.777405431520185
42.32123295170723	41.68816007806845
7.7867475001716	7.350722119603516
4.048543823721514	4.000551560034341
17.264893804641186	17.137362387040767
21.709971885684624	21.62037857853247
4.095515384248888	4.092227968189154
49.790460374773396	48.14629291107273
18.822311849304914	18.386680229310144
7.548249503951695	7.305573052816018
11.706363875929393	11.498261152598824
9.402940541186979	9.336588927572597
10.375518539361595	10.233323398137761
12.322115035503254	12.127681338204434
12.011112807647688	11.855314873667359
14.592179693361478	14.399723628799531
11.406353686375164	11.254019829445049
16.820875183419815	15.323118971631303
36.06507912482012	34.84204228625107
13.884147412235322	13.86825971667829
19.08650366746481	18.88586193208021
10.123139448104473	10.045688040363226
12.340008583141232	12.102453301344264
38.00194709793041	37.03903427744025
20.402057569283283	20.320196426136388
14.739788459940087	14.702825928550153
3.4863604082850785	3.4051698381786117
12.065020563268712	11.770712151654072
20.39602610767614	20.134554422293093
20.256077327343533	19.99074367650824
22.11410297112486	22.06693356431347
7.638416370521243	7.611265520497866
15.046335075477094	14.82607740744335
12.023034420953763	11.895161024510655
19.40277104668973	18.33322139027595
10.555722506098288	10.403236486909883
6.372784582332633	6.013056412845967
7.334391921225551	7.29690568459532
9.48664591070325	9.45780960804301
9.106837105608218	9.028841463807536
4.835109816514784	4.790133933570135
9.66141697433081	9.377766833268868
14.087985948391704	14.07025807226827
20.430413180507685	20.39145253881712
5.094168460161608	5.05603269473947
10.146487991735201	10.044542616536319
13.462688996154311	13.283752688827194
9.634521217600875	9.522650830030013
10.551729746554733	10.308989478168682
33.989974224811675	33.91948051443981
9.173387740696926	8.883654520347202
14.70080404374716	14.559197422570863
8.898184155192201	8.677439947525512
14.164939881786294	13.974334371888917
34.319614895757496	34.30990704923162
12.313412492021627	12.030568626568371
22.595603221623872	22.505268311551347
31.56568474677649	31.49360003093116
26.484446185928643	26.285739971039103
16.953006480956706	16.83478863563369
4.5437369254541125	4.401538525452626
17.043755537627018	16.50265118747864
16.875372440600355	16.79116404062191
34.92931623680558	34.17950872404081
15.666803751934406	14.984284336403013
6.384514772688476	6.31166218254811
7.884288997149051	7.8029361684796426
21.97753988851712	21.923266672648154
7.8063545407994805	7.733144858048495
13.424260625382278	13.418955841378416
9.929462167871984	9.906319091708236
22.13376003584116	21.44840111088405
18.5879014745041	18.32703002359734
22.066402606679283	21.70550627299494
14.669140215804006	14.215157983548103
12.40572914680541	12.229883027096255
13.704478988691177	13.415190566059376
16.585382624734027	16.553325686989798
19.41246948613549	18.640706423712576
3.6770351626703035	3.6685462973522833
30.946100057776665	30.870829263365863
32.051502553565946	31.795459757524092
8.926372609697392	8.923404269364172
30.830885700230905	30.37719359755161
13.569092850456036	13.558147861803207
5.058169009489274	4.984492229287819
21.07616675768734	20.64952809148729
26.58107503863702	26.290798729303344
12.667850452836245	12.433671472564344
9.91165988382123	9.882774958282925
16.892155086608263	15.706183274869526
15.24647368482318	15.018302168144624
20.57809126745887	19.912227335301818
8.133446827310058	7.74603028343739
20.507270469007324	20.27667243278919
19.912146256372175	19.849800035255093
13.851968647983986	13.379940373844002
13.610372941948656	13.596666125055018
12.919711906981771	12.658762473949212
14.69100619576383	14.324144659385626
8.609264506615226	8.511802295918924
5.798600789381042	5.791056404994554
9.284634904781283	8.993084246512053
22.534418154599283	22.168667162830197
25.451836590151277	24.918263486407714
11.210764984390128	10.647213252527445
9.471396007373677	9.394718756155537
7.484499869172564	7.453883477717562
30.884628426961406	30.533742323471525
14.366536600818328	14.294755925843019
21.717840522927037	20.762784484186838
24.775740042554983	24.131590946951594
19.288975195676432	18.954163498763144
22.36885922826362	21.9970940027376
4.317122917975891	4.239039927049589
33.93661176601713	33.577380308026726
18.23570916592427	17.82148038642684
7.882987790380445	7.726956316510625
12.253081402737244	12.042813520146133
4.175832906608729	4.146660496519314
31.99286053823456	30.2108036827128
16.165913201871188	15.649296975756704
7.674079230266729	7.651687925119025
7.519038602696449	7.498745054633339
11.727649200098135	11.72247486487449
12.425432274126749	12.254586362851983
25.42801455615416	25.31572207333938
11.674895917603244	11.621033815056972
10.870921682350119	10.611298395766378
22.486894835916047	22.268429772434054
27.16356156591201	26.81429268763735
17.945517082974757	17.851471351053508
13.088551792794787	12.791923717612072
13.453804954286692	13.400524306813795
6.06591126259964	5.932117106786535
12.84686528428434	12.767456598448069
10.987495481693974	10.965874232551288
14.167562763991725	13.888058365579111
8.011250576798597	7.859930269734572
21.07457230261712	19.837078525966724
14.579275039475208	14.027053143682123
3.656048115561905	3.5858499015942025
16.161188061220408	15.917681942963224
6.152087064896329	6.085359718597796
8.929721735226044	8.821752712335115
15.136663957115811	14.956535409219576
11.34696499659415	11.334481249641323
7.166329712206428	7.134839270568067
12.736062397260278	12.564278746842852
27.550912557027637	26.256519850078558
8.914618955042235	8.780037338631097
6.502970375288224	6.489409893764264
18.408958045287413	18.04495123305269
8.007198357695557	7.8847441298994
16.09369934417441	15.653538464120597
5.439179156700429	5.381243108625357
7.147117754579561	6.993961279822382
2.1580667198864325	2.112168879259642
16.965422822845618	16.22460398706981
28.329807939823358	27.864564293664227
18.402788813123596	17.788671135542007
8.887553600769575	8.604853928699164
19.99346200402134	19.910537649059584
13.03905653797726	12.879830305082985
23.72805862391023	23.600868070589197
21.20555889240634	20.83163838469683
13.14016550856187	12.888808398679648
9.023428512122285	8.971925816196444
23.54402300053772	23.327119888386516
8.20209870966131	8.054918982671566
20.678251384678234	19.949718641221335
37.22429377272213	35.91555701078841
14.147124860513914	14.051431580057873
6.575845384920109	6.452201526980063
5.189133094831809	5.085955756797922
20.292799746720632	19.950289294164417
8.96381940212933	8.862241316102587
8.68981588914216	8.192693561881235
7.381627525566388	7.3669329535331975
22.534567767256576	22.523946939860394
9.881163378170617	9.72113234411946
14.64858555387855	14.591379966944741
21.818554996792535	20.61560233180767
26.431793471079974	26.380240712057336
11.264533195112328	11.229313779733307
17.689282335755717	17.298696040987863
22.21245600016203	22.131994930683053
23.205591851387044	22.89833089973953
13.786897208114002	13.601721481586129
10.793044338935045	10.697372468794818
30.848661599746737	30.225071436032806
10.701395135581706	10.326754722572066
14.383417437614419	14.26666857462612
2.487799367507632	2.4682578584993298
14.765951074511737	14.301070958321954
16.663006710316804	16.6591486261355
15.83153995774321	15.818992480284837
36.97700986755267	36.36785823740826
6.5938383480562	6.292184233833561
13.550612571317147	13.402499617397384
22.639942146581188	21.914137913657388