# distance between solutions
0.
0.
1.5700924586837752e-16
5.551115123125783e-17
0.
3.1401849173675503e-16
5.551115123125783e-17
1.2412670766236366e-16
5.551115123125783e-17
5.551115123125783e-17
1.2412670766236366e-16
1.1102230246251565e-16
1.1102230246251565e-16
5.551115123125783e-17
1.5700924586837752e-16
1.1102230246251565e-16
5.551115123125783e-17
1.2412670766236366e-16
1.1102230246251565e-16
5.551115123125783e-17
1.2412670766236366e-16
0.
5.551115123125783e-17
0.
8.326672684688674e-17
1.1102230246251565e-16
1.1102230246251565e-16
1.2412670766236366e-16
0.
1.1102230246251565e-16
0.
1.1102230246251565e-16
5.551115123125783e-17
1.1443916996305594e-16
1.2412670766236366e-16
2.7755575615628914e-17
1.2412670766236366e-16
1.1102230246251565e-16
2.2887833992611187e-16
0.
0.
0.
0.
1.2412670766236366e-16
1.5700924586837752e-16
2.0014830212433605e-16
5.551115123125783e-17
2.2887833992611187e-16
1.2412670766236366e-16
5.551115123125783e-17
5.551115123125783e-17
1.5700924586837752e-16
1.1102230246251565e-16
1.1443916996305594e-16
1.1102230246251565e-16
5.551115123125783e-17
1.1102230246251565e-16
2.220446049250313e-16
5.551115123125783e-17
1.2412670766236366e-16
5.551115123125783e-17
1.2412670766236366e-16
1.1102230246251565e-16
5.551115123125783e-17
1.2412670766236366e-16
0.
2.0014830212433605e-16
5.551115123125783e-17
1.5700924586837752e-16
1.1102230246251565e-16
1.1102230246251565e-16
1.5700924586837752e-16
2.7755575615628914e-17
1.2412670766236366e-16
0.
1.2412670766236366e-16
5.551115123125783e-17
2.2887833992611187e-16
1.2412670766236366e-16
0.
1.1102230246251565e-16
1.2412670766236366e-16
1.5700924586837752e-16
1.5700924586837752e-16
1.1102230246251565e-16
1.1102230246251565e-16
2.2887833992611187e-16
1.5700924586837752e-16
1.2412670766236366e-16
1.1102230246251565e-16
1.1102230246251565e-16
1.5700924586837752e-16
1.2412670766236366e-16
1.1102230246251565e-16
1.5700924586837752e-16
1.1102230246251565e-16
1.1102230246251565e-16
1.1102230246251565e-16
0.
5.551115123125783e-17
5.551115123125783e-17
1.1102230246251565e-16
1.1102230246251565e-16
5.551115123125783e-17
1.1102230246251565e-16
1.5700924586837752e-16
5.551115123125783e-17
5.551115123125783e-17
1.1102230246251565e-16
1.2412670766236366e-16
5.551115123125783e-17
0.
0.
5.551115123125783e-17
5.551115123125783e-17
5.551115123125783e-17
1.2412670766236366e-16
2.220446049250313e-16
1.2412670766236366e-16
5.551115123125783e-17
5.551115123125783e-17
0.
1.1102230246251565e-16
1.2412670766236366e-16
1.1102230246251565e-16
1.1102230246251565e-16
0.
1.1102230246251565e-16
1.5700924586837752e-16
0.
5.551115123125783e-17
1.1102230246251565e-16
0.
0.
1.2412670766236366e-16
5.551115123125783e-17
5.551115123125783e-17
1.2412670766236366e-16
0.
1.1102230246251565e-16
5.551115123125783e-17
1.1102230246251565e-16
0.
5.551115123125783e-17
0.
0.
1.5700924586837752e-16
1.1102230246251565e-16
1.1102230246251565e-16
4.163336342344337e-17
1.2412670766236366e-16
1.1102230246251565e-16
1.1102230246251565e-16
5.551115123125783e-17
0.
1.1102230246251565e-16
1.1102230246251565e-16
1.2412670766236366e-16
1.5700924586837752e-16
1.1102230246251565e-16
1.6653345369377348e-16
2.237726045655905e-16
1.2412670766236366e-16
1.1102230246251565e-16
5.551115123125783e-17
1.1102230246251565e-16
1.1102230246251565e-16
1.1102230246251565e-16
1.2412670766236366e-16
1.1102230246251565e-16
0.
1.2412670766236366e-16
1.2412670766236366e-16
1.6653345369377348e-16
1.2412670766236366e-16
1.2412670766236366e-16
1.5700924586837752e-16
1.1102230246251565e-16
1.2412670766236366e-16
1.1102230246251565e-16
2.482534153247273e-16
0.
1.5700924586837752e-16
1.2412670766236366e-16
1.1102230246251565e-16
5.551115123125783e-17
2.7755575615628914e-17
5.551115123125783e-17
0.
1.2412670766236366e-16
0.
2.220446049250313e-16
1.1102230246251565e-16
2.2887833992611187e-16
5.551115123125783e-17
5.551115123125783e-17
0.
5.551115123125783e-17
2.482534153247273e-16
1.5700924586837752e-16
1.5700924586837752e-16
0.
0.
0.
1.5700924586837752e-16
0.
1.1102230246251565e-16
0.
1.1102230246251565e-16
1.1102230246251565e-16
1.5700924586837752e-16
0.
1.1102230246251565e-16
0.
1.1102230246251565e-16
1.1102230246251565e-16
0.
2.0014830212433605e-16
1.2412670766236366e-16
1.1102230246251565e-16
0.
1.2412670766236366e-16
1.2412670766236366e-16
1.5700924586837752e-16
5.551115123125783e-17
5.551115123125783e-17
1.1102230246251565e-16
1.2412670766236366e-16
1.1102230246251565e-16
1.2412670766236366e-16
1.1102230246251565e-16
5.551115123125783e-17
1.2412670766236366e-16
1.1102230246251565e-16
0.
5.551115123125783e-17
5.551115123125783e-17
0.
5.551115123125783e-17
1.2412670766236366e-16
1.1102230246251565e-16
1.5700924586837752e-16
1.1102230246251565e-16
0.
5.551115123125783e-17
1.1102230246251565e-16
0.
0.
0.
0.
1.2412670766236366e-16
1.5700924586837752e-16
0.
2.482534153247273e-16
1.1102230246251565e-16
5.551115123125783e-17
1.1102230246251565e-16
1.1102230246251565e-16
1.1102230246251565e-16
2.0014830212433605e-16
1.1102230246251565e-16
1.1102230246251565e-16
0.
5.551115123125783e-17
1.2412670766236366e-16
1.1102230246251565e-16
5.551115123125783e-17
1.1102230246251565e-16
0.
0.
1.2412670766236366e-16
1.1102230246251565e-16
0.
2.2887833992611187e-16
0.
1.1102230246251565e-16
2.220446049250313e-16
5.551115123125783e-17
5.551115123125783e-17
1.2412670766236366e-16
1.1102230246251565e-16
5.551115123125783e-17
5.551115123125783e-17
5.551115123125783e-17
5.551115123125783e-17
5.551115123125783e-17
0.
1.1102230246251565e-16
1.1102230246251565e-16
0.
0.
1.2412670766236366e-16
1.2412670766236366e-16
0.
1.1123893155135927e-16
1.5700924586837752e-16
1.1102230246251565e-16
1.1102230246251565e-16
1.2412670766236366e-16
1.1102230246251565e-16
5.551115123125783e-17
1.2412670766236366e-16
1.2412670766236366e-16
0.
1.1102230246251565e-16
1.5700924586837752e-16
1.2412670766236366e-16
1.1102230246251565e-16
1.2412670766236366e-16
1.1102230246251565e-16
1.1102230246251565e-16
5.551115123125783e-17
1.5700924586837752e-16
2.7755575615628914e-17
2.220446049250313e-16
1.1102230246251565e-16
1.2412670766236366e-16
1.1102230246251565e-16
1.8875832159447664e-16
2.220446049250313e-16
1.1102230246251565e-16
1.1102230246251565e-16
1.1102230246251565e-16
0.
1.6653345369377348e-16
1.1102230246251565e-16
1.1102230246251565e-16
0.
1.5700924586837752e-16
0.
1.1102230246251565e-16
0.
1.2412670766236366e-16
0.
2.7755575615628914e-16
1.6653345369377348e-16
5.551115123125783e-17
1.2412670766236366e-16
5.551115123125783e-17
1.1102230246251565e-16
1.5700924586837752e-16
1.5700924586837752e-16
1.2412670766236366e-16
1.2412670766236366e-16
0.
1.1102230246251565e-16
1.1102230246251565e-16
0.
0.
0.
5.551115123125783e-17
1.1102230246251565e-16
0.
5.551115123125783e-17
1.5700924586837752e-16
0.
1.1102230246251565e-16
1.5700924586837752e-16
1.2412670766236366e-16
1.2412670766236366e-16
0.
5.551115123125783e-17
1.2412670766236366e-16
5.551115123125783e-17
0.
5.551115123125783e-17
1.2412670766236366e-16
8.326672684688674e-17
0.
1.2412670766236366e-16
0.
0.
0.
1.1102230246251565e-16
1.2412670766236366e-16
1.1102230246251565e-16
5.551115123125783e-17
5.551115123125783e-17
1.2412670766236366e-16
1.1102230246251565e-16
1.2412670766236366e-16
1.1102230246251565e-16
1.1443916996305594e-16
5.551115123125783e-17
2.7755575615628914e-17
1.2412670766236366e-16
1.2412670766236366e-16
0.
1.1102230246251565e-16
5.551115123125783e-17
5.551115123125783e-17
1.1102230246251565e-16
1.2412670766236366e-16
0.
5.551115123125783e-17
0.
1.2412670766236366e-16
2.237726045655905e-16
0.
1.5700924586837752e-16
1.1102230246251565e-16
5.551115123125783e-17
1.5700924586837752e-16
0.
1.2412670766236366e-16
1.2412670766236366e-16
1.2412670766236366e-16
1.2412670766236366e-16
5.551115123125783e-17
1.1102230246251565e-16
0.
5.551115123125783e-17
2.7755575615628914e-17
5.551115123125783e-17
0.
1.2412670766236366e-16
1.2412670766236366e-16
1.1102230246251565e-16
5.551115123125783e-17
5.551115123125783e-17
2.7755575615628914e-17
1.1102230246251565e-16
5.551115123125783e-17
1.1102230246251565e-16
0.
1.5700924586837752e-16
1.1102230246251565e-16
1.1102230246251565e-16
5.551115123125783e-17
2.0014830212433605e-16
5.551115123125783e-17
1.2412670766236366e-16
2.482534153247273e-16
1.1102230246251565e-16
1.1102230246251565e-16
1.2412670766236366e-16
1.5700924586837752e-16
1.1102230246251565e-16
0.
5.551115123125783e-17
5.551115123125783e-17
5.551115123125783e-17
1.1102230246251565e-16
0.
1.1102230246251565e-16
1.2412670766236366e-16
1.1102230246251565e-16
1.2412670766236366e-16
5.551115123125783e-17
0.
1.6653345369377348e-16
1.1102230246251565e-16
1.5700924586837752e-16
1.1443916996305594e-16
1.2412670766236366e-16
1.2412670766236366e-16
1.1102230246251565e-16
1.5700924586837752e-16
0.
0.
1.5700924586837752e-16
5.551115123125783e-17
1.2412670766236366e-16
5.551115123125783e-17
5.551115123125783e-17
1.2412670766236366e-16
0.
5.551115123125783e-17
1.1102230246251565e-16
0.
2.0014830212433605e-16
1.5700924586837752e-16
1.1102230246251565e-16
1.5700924586837752e-16
1.1102230246251565e-16
1.5700924586837752e-16
0.
0.
5.551115123125783e-17
5.551115123125783e-17
1.5700924586837752e-16
0.
1.2412670766236366e-16
5.551115123125783e-17
0.
5.551115123125783e-17
5.551115123125783e-17
1.1102230246251565e-16
5.551115123125783e-17
1.5700924586837752e-16
1.5700924586837752e-16
2.2887833992611187e-16
1.1102230246251565e-16
1.2412670766236366e-16
5.551115123125783e-17
1.1102230246251565e-16
1.1102230246251565e-16
1.1102230246251565e-16
1.2412670766236366e-16
5.551115123125783e-17
2.2887833992611187e-16
1.2412670766236366e-16
1.1102230246251565e-16
1.2412670766236366e-16
5.551115123125783e-17
5.551115123125783e-17
0.
0.
1.1102230246251565e-16
1.1443916996305594e-16
1.1102230246251565e-16
1.5700924586837752e-16
1.2412670766236366e-16
0.
1.1102230246251565e-16
0.
1.2412670766236366e-16
0.
5.551115123125783e-17
1.1102230246251565e-16
1.2412670766236366e-16
5.551115123125783e-17
0.
1.1443916996305594e-16
0.
1.5700924586837752e-16
1.1102230246251565e-16
1.6653345369377348e-16
0.
1.2412670766236366e-16
1.2412670766236366e-16
1.1102230246251565e-16
5.551115123125783e-17
5.551115123125783e-17
1.5700924586837752e-16
0.
5.551115123125783e-17
1.1102230246251565e-16
0.
1.2412670766236366e-16
1.5700924586837752e-16
5.551115123125783e-17
0.
5.551115123125783e-17
2.482534153247273e-16
1.1102230246251565e-16
0.
2.7755575615628914e-17
0.
5.551115123125783e-17
1.1102230246251565e-16
5.551115123125783e-17
1.2412670766236366e-16
0.
1.1102230246251565e-16
1.2412670766236366e-16
5.551115123125783e-17
0.
0.
1.1102230246251565e-16
1.1102230246251565e-16
0.
5.551115123125783e-17
5.551115123125783e-17
5.551115123125783e-17
1.1102230246251565e-16
0.
1.2412670766236366e-16
5.551115123125783e-17
0.
1.5700924586837752e-16
0.
5.551115123125783e-17
1.2412670766236366e-16
1.1102230246251565e-16
1.2412670766236366e-16
1.5700924586837752e-16
1.2412670766236366e-16
1.2412670766236366e-16
1.1102230246251565e-16
1.1102230246251565e-16
0.
1.1102230246251565e-16
1.2412670766236366e-16
2.220446049250313e-16
1.1102230246251565e-16
5.551115123125783e-17
0.
5.551115123125783e-17
2.237726045655905e-16
1.2412670766236366e-16
5.551115123125783e-17
1.1102230246251565e-16
5.551115123125783e-17
5.551115123125783e-17
0.
5.551115123125783e-17
5.551115123125783e-17
5.551115123125783e-17
2.2887833992611187e-16
0.
5.551115123125783e-17
5.551115123125783e-17
1.1102230246251565e-16
1.1102230246251565e-16
1.5700924586837752e-16
2.0014830212433605e-16
2.2887833992611187e-16
5.551115123125783e-17
1.2412670766236366e-16
1.1102230246251565e-16
0.
1.1102230246251565e-16
5.551115123125783e-17
1.1102230246251565e-16
1.1102230246251565e-16
1.5700924586837752e-16
0.
1.1102230246251565e-16
5.551115123125783e-17
1.1102230246251565e-16
5.551115123125783e-17
1.5700924586837752e-16
1.1102230246251565e-16
1.2412670766236366e-16
1.1102230246251565e-16
0.
5.551115123125783e-17
1.5700924586837752e-16
1.2412670766236366e-16
0.
1.1102230246251565e-16
1.2412670766236366e-16
0.
0.
1.1102230246251565e-16
1.1102230246251565e-16
5.551115123125783e-17
5.551115123125783e-17
1.2412670766236366e-16
0.
5.551115123125783e-17
1.1102230246251565e-16
5.551115123125783e-17
1.2412670766236366e-16
1.1102230246251565e-16
1.5700924586837752e-16
5.551115123125783e-17
1.1188630228279524e-16
1.2412670766236366e-16
1.1102230246251565e-16
5.551115123125783e-17
1.1102230246251565e-16
5.551115123125783e-17
1.2412670766236366e-16
1.2412670766236366e-16
1.1102230246251565e-16
5.551115123125783e-17
5.551115123125783e-17
5.551115123125783e-17
2.0014830212433605e-16
5.551115123125783e-17
1.1102230246251565e-16
5.551115123125783e-17
1.5700924586837752e-16
1.2412670766236366e-16
1.1102230246251565e-16
2.0014830212433605e-16
0.
1.1102230246251565e-16
1.1102230246251565e-16
5.551115123125783e-17
5.551115123125783e-17
5.551115123125783e-17
0.
5.551115123125783e-17
1.1102230246251565e-16
1.1102230246251565e-16
2.7755575615628914e-17
1.1102230246251565e-16
5.551115123125783e-17
1.5700924586837752e-16
0.
5.551115123125783e-17
1.5700924586837752e-16
1.1102230246251565e-16
2.6945789820192466e-16
1.1102230246251565e-16
0.
5.551115123125783e-17
2.7755575615628914e-17
5.551115123125783e-17
0.
1.1102230246251565e-16
1.2412670766236366e-16
1.2412670766236366e-16
0.
1.1102230246251565e-16
1.1102230246251565e-16
1.2412670766236366e-16
1.5700924586837752e-16
1.1102230246251565e-16
1.1102230246251565e-16
0.
1.5700924586837752e-16
1.2412670766236366e-16
1.3877787807814457e-16
2.0014830212433605e-16
2.2887833992611187e-16
1.1102230246251565e-16
1.1102230246251565e-16
5.551115123125783e-17
5.551115123125783e-17
0.
1.1102230246251565e-16
1.1102230246251565e-16
5.551115123125783e-17
1.5700924586837752e-16
0.
0.
1.6653345369377348e-16
1.5700924586837752e-16
1.2412670766236366e-16
5.551115123125783e-17
0.
5.551115123125783e-17
1.2412670766236366e-16
5.551115123125783e-17
0.
0.
1.2412670766236366e-16
1.7772239894833365e-16
1.1102230246251565e-16
1.2412670766236366e-16
1.2412670766236366e-16
1.1102230246251565e-16
5.551115123125783e-17
1.2412670766236366e-16
1.5700924586837752e-16
0.
1.2412670766236366e-16
1.5700924586837752e-16
1.5700924586837752e-16
1.2412670766236366e-16
0.
0.
5.551115123125783e-17
0.
0.
1.2412670766236366e-16
1.1443916996305594e-16
0.
1.1102230246251565e-16
1.2412670766236366e-16
5.551115123125783e-17
1.1102230246251565e-16
1.1102230246251565e-16
0.
1.1102230246251565e-16
5.551115123125783e-17
1.6711069443220838e-16
2.7755575615628914e-16
0.
5.551115123125783e-17
1.1102230246251565e-16
0.
1.5700924586837752e-16
0.
1.1102230246251565e-16
5.551115123125783e-17
2.0014830212433605e-16
5.551115123125783e-17
1.2412670766236366e-16
5.551115123125783e-17
1.2412670766236366e-16
1.5700924586837752e-16
5.551115123125783e-17
1.1102230246251565e-16
0.
0.
0.
1.1102230246251565e-16
1.2412670766236366e-16
1.7772239894833365e-16
1.1102230246251565e-16
0.
1.1857187100668868e-16
2.7755575615628914e-17
1.5700924586837752e-16
1.2412670766236366e-16
5.551115123125783e-17
1.1102230246251565e-16
1.1102230246251565e-16
0.
1.1102230246251565e-16
1.2412670766236366e-16
0.
1.1102230246251565e-16
0.
5.551115123125783e-17
1.1102230246251565e-16
2.0014830212433605e-16
1.2412670766236366e-16
2.482534153247273e-16
5.551115123125783e-17
1.1102230246251565e-16
0.
5.551115123125783e-17
0.
0.
1.2412670766236366e-16
5.551115123125783e-17
1.1102230246251565e-16
1.1102230246251565e-16
1.1102230246251565e-16
1.2412670766236366e-16
5.551115123125783e-17
1.2412670766236366e-16
1.1102230246251565e-16
1.2412670766236366e-16
0.
1.1102230246251565e-16
1.1102230246251565e-16
1.2412670766236366e-16
1.2412670766236366e-16
0.
1.1102230246251565e-16
1.1102230246251565e-16
0.
1.2412670766236366e-16
0.
1.1102230246251565e-16
2.220446049250313e-16
5.551115123125783e-17
0.
5.551115123125783e-17
2.2887833992611187e-16
0.
1.6653345369377348e-16
5.551115123125783e-17
1.3877787807814457e-16
1.2412670766236366e-16
1.2412670766236366e-16
5.551115123125783e-17
5.551115123125783e-17
5.551115123125783e-17
5.551115123125783e-17
1.1102230246251565e-16
5.551115123125783e-17
1.5700924586837752e-16
1.2412670766236366e-16
0.
0.
5.551115123125783e-17
1.1102230246251565e-16
0.
1.1102230246251565e-16
5.551115123125783e-17
0.
1.1102230246251565e-16
0.
1.1102230246251565e-16
0.
1.5700924586837752e-16
5.551115123125783e-17
0.
5.551115123125783e-17
1.2412670766236366e-16
5.551115123125783e-17
1.1102230246251565e-16
5.551115123125783e-17
0.
0.
1.1102230246251565e-16
1.1102230246251565e-16
1.2412670766236366e-16
1.2412670766236366e-16
2.0014830212433605e-16
2.2887833992611187e-16
1.5700924586837752e-16
0.
0.
1.1102230246251565e-16
0.
1.5700924586837752e-16
1.2412670766236366e-16
1.5700924586837752e-16
1.1102230246251565e-16
5.551115123125783e-17
5.551115123125783e-17
0.
1.1102230246251565e-16
1.2412670766236366e-16
0.
0.
2.220446049250313e-16
5.551115123125783e-17
5.551115123125783e-17
1.5700924586837752e-16
1.1102230246251565e-16
1.1102230246251565e-16
5.551115123125783e-17
5.551115123125783e-17
5.551115123125783e-17
5.551115123125783e-17
5.551115123125783e-17
5.551115123125783e-17
5.551115123125783e-17
1.2412670766236366e-16
2.220446049250313e-16
1.5700924586837752e-16
5.551115123125783e-17
1.1102230246251565e-16
1.1102230246251565e-16
5.551115123125783e-17
0.
1.1102230246251565e-16
1.2412670766236366e-16
1.1102230246251565e-16
5.551115123125783e-17
1.5700924586837752e-16
2.220446049250313e-16
0.
5.551115123125783e-17
1.1102230246251565e-16
0.
1.2412670766236366e-16
3.1401849173675503e-16
0.
1.2412670766236366e-16
2.482534153247273e-16
1.1102230246251565e-16
2.0014830212433605e-16
5.551115123125783e-17
5.551115123125783e-17
5.551115123125783e-17
0.
1.2412670766236366e-16
1.1102230246251565e-16
1.1102230246251565e-16
1.1102230246251565e-16
5.551115123125783e-17
1.1102230246251565e-16
0.
5.551115123125783e-17
1.1102230246251565e-16
1.1102230246251565e-16
0.
2.7755575615628914e-16
1.1102230246251565e-16
0.
2.482534153247273e-16
0.
1.2412670766236366e-16
1.1102230246251565e-16
1.1102230246251565e-16
1.1102230246251565e-16
1.2412670766236366e-16
1.2412670766236366e-16
0.
1.5700924586837752e-16
1.3877787807814457e-17
0.
0.
1.1102230246251565e-16
1.2412670766236366e-16
0.
5.551115123125783e-17
2.2887833992611187e-16
1.2412670766236366e-16
5.551115123125783e-17
0.
5.551115123125783e-17
1.1102230246251565e-16
1.1102230246251565e-16
0.
1.2412670766236366e-16
5.551115123125783e-17
1.1102230246251565e-16
1.5700924586837752e-16
0.
1.1102230246251565e-16
0.
1.1102230246251565e-16
1.1102230246251565e-16
0.
0.
1.1102230246251565e-16
1.2412670766236366e-16
0.
1.5700924586837752e-16
5.551115123125783e-17
0.
1.2412670766236366e-16
1.1102230246251565e-16
0.
5.551115123125783e-17
2.2887833992611187e-16
1.6653345369377348e-16
1.5700924586837752e-16