# distance between solutions
0.003278735336409396
0.0030032044684955308
0.008672495904155503
0.0020800223566035674
0.012808205199634815
0.00724391926085178
0.001383763730526149
0.003051766123576449
0.002630731751852016
0.00213212477385259
0.003447401038702531
0.004273706350284364
0.0021088895194765886
0.0005143633986723392
0.002858748624319717
0.0036119387006058367
0.004530703541230805
0.004910585966215463
0.0024019588684350253
0.0074365528487201045
0.0014563116882233655
0.0021215015035282976
0.003718827757300137
0.007026716104250291
0.0017620842141445887
0.00553923601379192
0.004873290681709563
0.004707906198102774
0.00432612403482204
0.0016931213628530884
0.004603944962621522
0.003596733118201517
0.003448325666351699
0.004206409967643115
0.010232726740197382
0.0026394954025203304
0.00437657279565156
0.008389475882585462
0.001154495415699792
0.006842062204541591
0.004364889580498554
0.009917266703987989
0.002305591272384833
0.003533889165504034
0.003889236613396592
0.005846332348668389
0.0020775826151489584
0.00786462824520421
0.002879420800299211
0.006691589124623978
0.009836656322394709
0.011463622593077708
0.002445232475146006
0.0019093607629761201
0.003136678108078545
0.0009789890404954607
0.007565631070036628
0.0061357918592180516
0.011514166057909168
0.009336541197988631
0.007994972736113352
0.005684518208649157
0.006393577044556769
0.0067245839176221615
0.009481553830525315
0.002706744540244857
0.006364827219421001
0.005628231011214708
0.005375769038025119
0.0031118699394702028
0.007769154306928484
0.0038790590139217928
0.009075036469235681
0.004531117579706745
0.007748050833938949
0.007947325853051563
0.005240848845918352
0.00281703381725768
0.011620250569566164
0.0038416188452119193
0.002669446335679396
0.005888786429418343
0.003511364389325941
0.009043568501700988
0.005039922073260992
0.0027162905787229763
0.00513819989391655
0.004970295485165575
0.004852813356536878
0.004057855491113542
0.0037839088250462226
0.007273318805659786
0.008947857799116504
0.005558622835872478
0.005221163069561936
0.011712549055554444
0.0029466283033972936
0.0025637789723496765
0.007809413669718233
0.00256248608000186
0.004001877636303649
0.0033290552040113478
0.004664633686056041
0.007787725588650955
0.0009532418932218018
0.0016057836929888989
0.005323750438832227
0.0013196557491194213
0.0016512856284126571
0.0018400267810616316
0.004292149861101562
0.006404924267035655
0.005008456209300153
0.003754139681883225
0.005915315243163513
0.0009913551521997552
0.002156866261653688
0.0018049585679475256
0.007149639061555449
0.0017180989927082775
0.0005834307043123527
0.005583794408041404
0.003936505123347651
0.0021572071110905707
0.009681760273460587
0.0013765262128073558
0.0033880825195938226
0.0018838320678885836
0.007682062333071488
0.005115712535885719
0.006384191282287688
0.00338031602852141
0.0026684844294679213
0.008491169053872994
0.0030901651711947144
0.006945185319538858
0.004245534517362487
0.0027206716586926465
0.008146706481576773
0.006770992684958438
0.007120952849164853
0.003542142887581037
0.005673283384520194
0.0026502414448369436
0.001134155714888715
0.0039302487351735
0.009617252475306367
0.0035219082808527857
0.005001158857998128
0.004588273594415724
0.006676145428952029
0.002528566500569144
0.000775578414071478
0.004084849947797006
0.005173191850950122
0.006269716892270066
0.012675398192427583
0.003492916954624909
0.007139508617674617
0.003842959656703027
0.0037985260902947803
0.004128326777185818
0.005442146712886736
0.0036666245951612474
0.005199489155380809
0.00433856647676518
0.002311448273976284
0.0006508199003230083
0.0033064072418632403
0.004634280058761463
0.0003823141120406795
0.0016585893604556677
0.004906147365169314
0.0017902357492460893
0.0046943548403760626
0.006729661906460665
0.0037414189886551927
0.004701281146348148
0.004505471210198888
0.006159921824104986
0.0031043830060157682
0.007602797976614019
0.008414629698299142
0.0056362831103632565
0.0033158962793769526
0.004081837564621971
0.006651733624630057
0.0041572000421543735
0.0005683582953972226
0.004563935601196371
0.0055043689106735565
0.00618313973821861
0.0007241568737904346
0.0038676902624000618
0.0048503102909069375
0.0032579897822498974
0.00428805455994695
0.0029173796028388087
0.004055950329813987
0.004145147984703118
0.0017709313343874124
0.00432725951117841
0.004970892321494395
0.00425415402119446
0.007692007231810788
0.00889703895840061
0.004650905288983203
0.0033990136303896964
0.006236580497368087
0.0023082206962561722
0.009357868685619193
0.00527137990930269
0.004162043329095249
0.0033255934104488736
0.009943252962702424
0.0009187022758364839
0.0035212101097428197
0.0007488441860866855
0.00404092980890968
0.0023745345291974855
0.0011263255201170248
0.003840356624599318
0.0048734948864131615
0.0018755033175524097
0.004078367766606201
0.007883861139960188
0.0016407736566418185
0.0031255175651126797
0.0048147700013511825
0.0030462292946329982
0.008483659562987961
0.014836592151175425
0.0049925096377560945
0.0024762282436404234
0.005189543546543138
0.006953914628135449
0.003833763145252979
0.003424300353220878
0.0017761666062805419
0.001855844536587332
0.002194552547210305
0.00791499669985269
0.006421836828006881
0.006576459227576824
0.0038295996866517397
0.003836289151121544
0.0033045462621012042
0.009787510146948866
0.004328209957294727
0.006806761527546323
0.0011527921551322277
0.004539986965177539
0.0036544687195496244
0.0014927686013730841
0.003558778145164078
0.0021372978720709352
0.0059229074955623705
0.0045953903861250135
0.0017164330530543568
0.004625354997769358
0.004479529318745784
0.006426631026776122
0.004552282502290432
0.0013569332927037825
0.0024101959036961222
0.008386294496002526
0.004077830539710856
0.003687185634616377
0.0033280329500396783
0.0061155475489958
0.001901501007906006
0.010363625273641222
0.003446420721502212
0.003589297656163011
0.0006393581022701361
0.0020566069685974925
0.004155206283298131
0.00483108032278006
0.0034334597429222886
0.005858953810189501
0.0024863829140861445
0.007343227165992981
0.0027378649679774395
0.0034127392478709023
0.0014904184829019709
0.002315235351416603
0.006172201650062393
0.006479047780947258
0.0022888774682739556
0.0026826567372732497
0.0014767966342324164
0.005071839086788365
0.005762040174329498
0.0048876399568009345
0.011161331255176528
0.004438423824493818
0.007626091359944429
0.011917630004442528
0.012387333528150492
0.005875534345086983
0.007305656702685246
0.008565328621184134
0.002641063022040005
0.002340518339677404
0.00039724646072473443
0.0063994879035613765
0.0020680404069280127
0.0018640679306726367
0.0033479951386140554
0.004195405068846804
0.004751997514974639
0.0044816646770128934
0.011876943333561572
0.007752324273024854
0.0023328681282477077
0.0027711445770033745
0.005157948763056376
0.0029463873297516504
0.008082194501413441
0.003071464248868913
0.005584058018820713
0.0049483439770937054
0.005695292012877406
0.006884857888113412
0.004160589397691808
0.00710471105655855
0.004940703814112115
0.00616223928992814
0.006226935549620057
0.005463765433575286
0.0046321998211236665
0.00994778662522261
0.0028298777894805644
0.0008871543000703617
0.004324155980124887
0.0036392888368809314
0.0046067700512486135
0.0022191426638408043
0.005185645622776616
0.0006145616430232125
0.00219723528240406
0.00479216774581765
0.008654753691704249
0.0007463306778541093
0.005122886395984852
0.0008437580177051835
0.005900704519655378
0.0024836758441801263
0.0012898918213969169
0.005571391378237559
0.0034410467757714338
0.006836768416191276
0.007106879011947735
0.002195926793135834
0.0015915614613311285
0.0013949523874527293
0.007266493230712548
0.0016004081575653774
0.011126012567127645
0.004637959627773055
0.002479277324845037
0.0006085953168655713
0.0015317001293935794
0.011347352659777809
0.0018215335657665631
0.003634935369884598
0.006299439880644525
0.002841151221988344
0.004438895681967994
0.0008415954981145107
0.0038644664026005852
0.0036139072589637966
0.00620042145379313
0.00705465546900645
0.005314829977689426
0.0032104219050979993
0.0025719188885978683
0.0024491983404226463
0.012122200606494543
0.0011232184940780255
0.0045969039867562326
0.0011232970745002795
0.0027856100229925176
0.0026109308061594873
0.0024030578824665813
0.004319152574193728
0.005192884428718524
0.0013208517523187087
0.0028008860861786756
0.0023087854334778632
0.007465150068607299
0.011967985481769678
0.0066374908714500955
0.005953362341509844
0.005994493762526972
0.004135485951127836
0.010606049593484542
0.002186621963126345
0.005269521478084493
0.0028925290292725015
0.005342137265761411
0.009129785068479258
0.0014501818213700517
0.0006473798512306504
0.0028459090366874645
0.0062423021811694596
0.002320497190767065
0.005546780051699812
0.0034863691021318507
0.011952350636027002
0.00579619229902539
0.0025323181388550117
0.0010424493649843823
0.003602627571892884
0.003624356289729743
0.0038894376987564675
0.005228123111792533
0.0032355944388669055
0.0025808155503635154
0.0030005604329549976
0.004950861530228256
0.0030907039907644173
0.009477476930128157
0.00275402160602578
0.005001451651581006
0.0048490699087300635
0.004726926330471478
0.0026469175053971455
0.004154209813572452
0.002036057757546952
0.006757022617483293
0.00454670952167775
0.003252842553995401
0.0059180293805060485
0.007787200539034309
0.003567433314159305
0.007892556644542349
0.009559249462273059
0.0038947212205000838
0.006058763753070649
0.0007420627607093804
0.011554095470656013
0.0015890453861172917
0.010083882696510027
0.003847997290802705
0.0030990797491937602
0.004930263668283313
0.002942719515175875
0.004802984989314019
0.006428243243083786
0.009791005848985129
0.0065606396618500705
0.005000658146663012
0.0050088174110492715
0.005105468298094091
0.0012128104674430753
0.012147255754506533
0.005345550071774237
0.006108059940077847
0.002540019592647737
0.004257391526450883
0.004265585031878483
0.005197875704000606
0.007877126341276278
0.005444264361561624
0.001057399110892969
0.0040230499710235896
0.011297670329260314
0.00922868758862065
0.007024183856318484
0.00299394707218643
0.007549250364185422
0.0018399114728495068
0.006547891680807136
0.003896306100102512
0.004121322820132635
0.0009936464055689995
0.0030962645781466153
0.006378493625863695
0.008038522970603491
0.0011368533785248616
0.004502512344468198
0.006683042172441966
0.004674268851788251
0.007738843326230429
0.005532257804089698
0.00397712131290823
0.0023391274745674434
0.0029418258633692016
0.005922003714812808
0.0022349663395612412
0.0042411486893411685
0.003947295176854736
0.004552563874394253
0.005015366201776053
0.0025551782509570515
0.005541258784959427
0.00791491824159934
0.0032113899088514245
0.0046287047143702045
0.0016608054728420348
0.0023888708088985917
0.004563655861111099
0.007918906913128184
0.012042352090736563
0.0003710189048665556
0.003576114039051949
0.007205727752082416
0.004122422652640137
0.00601405011857655
0.0009495541205152872
0.0012303433119129578
0.004067992154557622
0.0012276820256109078
0.004836408874410705
0.0012152597241790288
0.006866671730802213
0.008003051585395401
0.005543427745903554
0.004371182014776358
0.0015626547853496305
0.0014835892332203894
0.0006003186191001188
0.006696691907626464
0.0033762591398034995
0.0019754977774052397
0.003603709721908784
0.0015676521583397325
0.005775655652075632
0.01268846820551297
0.0033063473074673505
0.0010321025490145417
0.009076158958803015
0.006778394467591788
0.0037223772261313457
0.00489924553752981
0.009505245409919802
0.008174786170272735
0.001508278995527185
0.0022907347621578702
0.003144448008478487
0.006121579893335235
0.004059466844831236
0.004008233492485217
0.0037401146825503753
0.004323802369804961
0.008005271394114234
0.0009755488064353635
0.004192150340973244
0.014514539470422921
0.00790065920393634
0.0027154404980027193
0.0015383176969707183
0.005939468594958468
0.0032141191865675835
0.0141895275475397
0.007196231968304296
0.007382375178893636
0.0039905771133756
0.0019835056242351093
0.0008617565688890002
0.0022850585635770322
0.005022516102016321
0.0028775988439546825
0.0014250724521244628
0.0024018235771675117
0.0030921631928600814
0.004565376208431202
0.001926332206235628
0.0018286162610564305
0.00613444417016708
0.00812196642762274
0.0036565720122393405
0.005538538540720889
0.0016027161481229192
0.0024023421807959655
0.002388350791503865
0.0070045982250688575
0.006529220546198417
0.002295281520399705
0.002068993919986289
0.0028624982607234344
0.0031815229404504796
0.002740344789559852
0.004138559103192529
0.0020553781869166008
0.0021273434581122875
0.004329689097643685
0.0063113901266950425
0.004498254754889742
0.006286301992174521
0.002024224438348027
0.001801804577347227
0.0014925967150919471
0.0070812722640707535
0.001769212308004895
0.006638470864730035
0.005439252141034611
0.006894710328074379
0.007728198926193163
0.00527950322712907
0.002921358854931237
0.005235880675452025
0.006328558072090148
0.0017407640993463637
0.008952961692300304
0.0023315514952498375
0.006684969854219927
0.002556668481317303
0.007743711363344521
0.005319903302893941
0.00549202426655879
0.0045541898346493
0.0025321256992329767
0.00458030071588635
0.01210467975071085
0.005196086281896829
0.0036290949301979957
0.00363969776428768
0.012790735272856754
0.0011280650103572903
0.006920920052725283
0.004979272181200504
0.004800769258187992
0.003163000821539195
0.004389949473048318
0.0019198991166912704
0.0029610884295638486
0.006665371510474799
0.007148640563463799
0.0036593387867237394
0.002399590828632037
0.0047600090283500115
0.0012096126345900729
0.003046809380877404
0.0015925103463289305
0.0030714461232980114
0.004686006419865347
0.005349841319273774
0.004994743475204926
0.002393983818419505
0.007233594834800407
0.007903965255737272
0.006114942003620005
0.002104961208322548
0.005815992845118883
0.0020428489468652835
0.007874671487346397
0.0008399700754299911
0.004768280603108478
0.00810745210846097
0.0028840872263680042
0.0013173882542970876
0.00422912069070658
0.0035387165874799713
0.0018845937504946401
0.0035263820300239306
0.0016080426792465668
0.005381692694334256
0.0012817103268410494
0.002780512307115807
0.0005964885468450047
0.010123023650123943
0.0031132357540431727
0.003849443153178299
0.0062448335991405705
0.0069900901957884575
0.001526120812347339
0.0032360956903854793
0.004875429823525071
0.009941366295406854
0.009124725635098026
0.002663262778156897
0.0013524640881242833
0.004443094884702692
0.006114009206205622
0.0031994908316721527
0.0035271889722454965
0.009154183558541877
0.00773530610240343
0.002770356908157643
0.007216475163390952
0.0016413260653598463
0.004285863819323595
0.0029665507029292652
0.003393538477158463
0.0021833671897337676
0.008788326958502544
0.009931532441194454
0.007839477383898643
0.004355911879774355
0.002764795506784107
0.004256644103345273
0.0007841020673050275
0.0038823414988963605
0.0020356425095611683
0.01073654910097941
0.002374163380445551
0.007171663788807981
0.006173037361108689
0.007279354413296575
0.004274696267827051
0.007342192774315603
0.002958856045458069
0.0027191697522089458
0.0024514928679773137
0.004746083156914156
0.007821124016941648
0.0034467139822253966
0.0010196456734635011
0.0036050322104272774
0.002184950632769658
0.002004575106498616
0.0017244218420540713
0.009320686434107212
0.00371845266201086
0.009373991881177601
0.0020275170026098103
0.0034917588210802326
0.007294650228500239
0.003966085993031486
0.0007220028806194782
0.004827253324546128
0.005419958785033784
0.003731581287794522
0.00005350054210008198
0.003485911290589027
0.012640280713039433
0.002843193112584215
0.001538697462438395
0.0038870945373708048
0.007623747992623145
0.004398925638466979
0.005405865746470494
0.00640393681847643
0.008699030777674224
0.0005109330631841613
0.0025951781238430505
0.0015748821279538189
0.010430309914656141
0.002245815238248575
0.004391187864095704
0.004576445705514974
0.0016906960310886616
0.005662714071866534
0.005890585652954152
0.0024077166553968187
0.005985675642903354
0.0011712651644860542
0.007767494139333267
0.0010728687589170876
0.0012288146253689076
0.0064806134514250905
0.0039766867547323965
0.0023851107490563167
0.007376327922482473
0.007407881245617144
0.009234508315715971
0.004439398160025812
0.005233473912581305
0.0065716300741068285
0.004274724670838501
0.0031877465191716497
0.004568199845713498
0.007983769488473277
0.0031252773605582995
0.004080972282129222
0.005362388577776617
0.0029127127626721963
0.002608112486910533
0.002247815570426116
0.002522036042051911
0.005398434852570883
0.010192270778962108
0.004090251625287138
0.004637234836003417
0.0019056918674865279
0.001248107927881751
0.004251179495315892
0.0019606996749775333
0.004039800810705318
0.006046543035674685
0.0019259081112575722
0.0029607313330286354
0.0037675381070217807
0.0031640972954679073
0.0028889262564645224
0.0042891250081686545
0.005565997866145061
0.0002694967852488961
0.006128621221606724
0.0021328561829169752
0.005642031792384683
0.0029835997697340816
0.007904069797451868
0.007833347884470388
0.0011340838011351217
0.006384306113709834
0.004493296466177645
0.002869861846102839
0.005900430874886997
0.0006789760261878127
0.0029797454938853725
0.012724883398595158
0.0016580182270281103
0.004546176474704703
0.004399524645225115
0.0011461261596647158
0.0025934367295478654
0.0069360980590071186
0.008389297724483902
0.009140067019580643
0.001720444133411212
0.004686221760743957
0.0011443992167492585
0.0032359654149726274
0.0064120834544177776
0.004798812574372681
0.004358829867627505
0.0012502806379243595
0.0011211017013726923
0.0030629977112501413
0.002058860257905361
0.004073647636983875
0.005077515655055566
0.0048338408917350415
0.004567427744705144
0.0038068709418838985
0.005437989696324527
0.0057280564524069075
0.009158072992533859
0.00632176050326828
0.0022835178024236675
0.004030733372632665
0.0023460069774524145
0.0038608899857631453
0.0022743043174610683
0.0067738473972853265
0.003552775849672263
0.005237415526822854
0.00222825432765428
0.004272848574796931
0.0013795014988364795
0.003163383949000763
0.0019782868243114846
0.0025518763581232557
0.005250311049024436
0.001698906259013278
0.004870027030035571
0.006216634768908247
0.006214782085254194
0.005275040927429524
0.0030390255084947124
0.001653805039919759
0.0024750903066253294
0.004707151302401503
0.004263378952669791
0.001521064397531685
0.009555289672363567
0.004782404817085808
0.002401226577040833
0.0013234750090820675
0.0011853918970984758
0.0023637793925626194
0.0055046300997497605
0.007635497366989322
0.004086354529893085
0.004956055418640457
0.0008626894979436306
0.004891048807074901
0.007503964343692815
0.014321728939251798
0.0061307369668213785
0.0036737746267250498
0.002849468343977299
0.009621392024722307
0.006820083987941135
0.005944014917814052
0.004291978750004734
0.005403399839219993
0.006146975734571922
0.004053151509395129
0.007654092895787031
0.0011100119334235363
0.001557694956458193
0.0008309520673069091
0.008278238575448701
0.0008414529350132968
0.006552637733963309
0.0016796853049487574
0.00037619283809687024
0.007314938924378353
0.002647322103464448
0.0014219193130692324
0.0037484820985929945
0.006489548396803296
0.004876812447112586
0.003979819816389668
0.005049457611243333
0.006867484170827883
0.008452017970049313
0.006543391104697252
0.0033382651554302533
0.005014188423694812
0.003672115809285444
0.002406965995871325
0.0033049801383092754
0.00852071738224373
0.007631444835954821
0.0026202468622173805
0.0032559176018393137
0.00520194839245727
0.0028065887053851956
0.004465815079315364
0.0018015482829843248
0.0030798073259389433
0.0013790184439960854
0.00454670173348577
0.006816468893204743
0.0008494944573789973
0.006737798652910978
0.002353519833322337
0.005899409798831918
0.002405616505116229
0.007146773913472251
0.002842556023820017
0.0035108226760226114
0.005533499641908327
0.0019265708479513546
0.004397189971329783
0.006099680690801143
0.0032660671216779135
0.004947721243218096
0.005377386118829613
0.005506417548200093
0.0033014870919896022
0.0041694224907808915
0.008526279283154935
0.0034697605308730067
0.002112177829767836
0.0064401152305990726
0.000569315126931531
0.006687096934411406
0.006574729407533208
0.0041957125693604675
0.0020410409611616364
0.008473637976745862
0.004214203593233926
0.00777230449727926
0.0032139335904248375
0.0030318227246250943
0.005398622575419634
0.0008210364492244774
0.002008776862936175
0.0010585689521029511
0.005862957472302379
0.005163931907707093
0.005360479200452947
0.0040840877973201345
0.003382289348127471
0.001632184964675672
0.007818533754195976
0.0075881664940876045
0.006981696354819123
0.00505238460389634
0.0005361466058379323
0.007675534794599764
0.004976181656371944
0.0035341586661581732
0.003069366987019509
0.002473847212318814
0.0024706379736033584
0.004134517130556379
0.002515285128188599
0.009471002404997576
0.0050022554329029415
0.0029306817633119766
0.002202747877070989
0.00799334949144911
0.00367367806406834
0.0028034673608348733
0.004398104071166224
0.0023314420198743157
0.0059177856664661905
0.0007056336486658373
0.007929599993144522
0.003432210856782073
0.007671933424027208
0.0035568092928673833
0.002840557923680119
0.00290692786552943
0.003031703971692632
0.015642108584880875
0.006637171003169489
0.0032432575637765934
0.00443035089023143
0.007439916052340056
0.002029172683730359
0.0022838183987147743
0.004637173612992354