# distance between solutions
0.007376001803835888
0.009003096398412
0.003953410420701478
0.006883834578604392
0.010138777128166219
0.005793467001782978
0.015427748563069036
0.014193758087928245
0.002306365420140408
0.0047934539393999645
0.005197178875399638
0.005934022916034216
0.005848258290434406
0.0060560669634970405
0.004620476115623287
0.014581925542937864
0.012818337554467003
0.008955919784570755
0.002568249465107652
0.008195192783115831
0.007033285925336138
0.007367978316725159
0.025270954535216616
0.003309950988270133
0.005990727412317195
0.002663779094002751
0.006518341891134694
0.003859696977627856
0.014514373251495514
0.009282240525515458
0.0038388452128509665
0.0063782064101482695
0.007891550970485045
0.006659329278929217
0.007753658962341803
0.004762974791825531
0.012537662177948399
0.006384548405474373
0.004050443266195667
0.007887593590113427
0.006345921143352455
0.009778904133725334
0.0023652529236506147
0.012260374463219282
0.0046474645458744225
0.0075632226467420806
0.02005472223673249
0.006249293256551501
0.01486290743450756
0.0162298641829526
0.004097489439391761
0.005015430787781374
0.0038544806072158926
0.008639595715030228
0.00532430459214792
0.006726253780197961
0.01121834732740529
0.009730096997860654
0.010010618906746472
0.004168433268204945
0.007250474683234783
0.005013069475759742
0.0036726963090749363
0.011807010584061741
0.013872328988907093
0.005581447503073619
0.009637659567341902
0.008524440731875712
0.017855170117316115
0.005733478838119962
0.006910753439833609
0.0057758467724022666
0.0054022811766767645
0.008090167978367407
0.0190041143951333
0.004419003756159417
0.007987491700073533
0.011942438546503256
0.002991000291334001
0.0083594333543187
0.005432967116671136
0.0037083098061397534
0.009974741410477491
0.004138861886864702
0.018068457854726386
0.0044197518459717314
0.006165333921319591
0.005492971345052498
0.0030376432399729664
0.0046969348214293116
0.013860949623416743
0.007243621156518375
0.009502236282136757
0.0059434440982012145
0.0060633229308271015
0.007811054172824158
0.02069280261825651
0.006231673345080989
0.006224900763020901
0.006263592475433618
0.0048676142648322
0.008003535745924356
0.012490434432799414
0.005774570578113252
0.0074617152085983095
0.004430497331497209
0.009997783170540772
0.004367674901199189
0.0022681727659331742
0.006593486984674711
0.005516847922023729
0.019526185152912583
0.00325475228029964
0.01264492878675088
0.0028071882625651753
0.005125001333813293
0.020333354171263546
0.01203482566783869
0.014866313316909827
0.00646777904302968
0.00868811260774988
0.012361590296434155
0.008716465257284419
0.003390897358140376
0.013914173382879851
0.0032489193121114862
0.014071674411103088
0.003345630943458696
0.010419746773497017
0.008335426579596286
0.01774935056682174
0.0037594447779748866
0.011906835014947607
0.013263085787489191
0.016024171217736086
0.007254881722790479
0.006876303733564929
0.004111257681973604
0.00927554832414199
0.01280161124737697
0.00424641137776393
0.004511700690086676
0.0073916836625738695
0.0025535860475549323
0.008924178543245167
0.007700852333173888
0.0069370443982938275
0.0042437322158926484
0.0038111405975340983
0.003328246849636785
0.014391495902515868
0.007886857929844709
0.004773975456254416
0.007966072269622586
0.00829562048612125
0.007955714468303239
0.005645563925203939
0.0047812404936644496
0.005661181865207564
0.004740213799946596
0.011722771490694336
0.021444081456593787
0.010433294803449454
0.007225258614833964
0.0070938575438611205
0.005898496997369147
0.013513113445516452
0.009489230292910445
0.010841973719113034
0.007002191746966542
0.006737938808474603
0.009520914142618351
0.007752970881865578
0.023842850017911373
0.019014181085890015
0.019447951916338947
0.0028570513402543943
0.006180911389132939
0.006114224163342108
0.006539974266116983
0.008703610629542512
0.004710973092276291
0.0079763463515539
0.00866015680766129
0.01085530192864577
0.0028217491036726826
0.016337169545846283
0.003821828337129627
0.0031747532800585447
0.009837347642476625
0.006925331025036982
0.0060856372443415145
0.010006108204753311
0.006452577986179681
0.004095835938108958
0.013997916627210455
0.01158291842002245
0.004048554478087434
0.0032862435688514008
0.0046118062884507975
0.0029901288291849515
0.015517573618463313
0.011203735402465748
0.010290500324968416
0.0028782995050713914
0.009126885052728602
0.005302262435912829
0.02751784802932063
0.01466076495964965
0.002407653920640676
0.007811247808804921
0.0058116806852831545
0.010078260490742898
0.0017866261883751852
0.0092230656820121
0.009742085786070828
0.00565308663375965
0.006824827045443157
0.00871597215622472
0.009794697528414994
0.009501853193686467
0.020770000687692625
0.003720966063463599
0.008556269305496066
0.005576939534174161
0.0022895433851381165
0.005000167366933882
0.00858186355919232
0.025425076381584425
0.0062700567023585155
0.005199389428828544
0.003002646498857857
0.00758929947394302
0.005321365571836087
0.004936019988556316
0.003994063543878521
0.00853744903669859
0.00895251152713279
0.00514120423307294
0.00631254968269365
0.009010169060505566
0.009684396847144106
0.0018640698733062985
0.009134802838188828
0.0029793773195589896
0.014955374462321393
0.0034925111552036063
0.009801173864685944
0.005606524017754191
0.004780654328249535
0.005491663264310189
0.017371184286653126
0.021251260774029522
0.010008213533913622
0.005360695857887374
0.0036298126439544337
0.009838724949505506
0.004472471200733649
0.0089748574141434
0.007253350663906536
0.00819605520386604
0.0022721674399289547
0.012913966835152073
0.005351476300892908
0.0033340759933451025
0.002886609176398996
0.01071256443148901
0.006989829469401687
0.01542041752136774
0.0016737846976866617
0.006135811027096844
0.0037113449777194584
0.012765958255356938
0.003428491574084124
0.002932981385695837
0.005468007492267685
0.008131704628858889
0.005263920203961068
0.009337347779611508
0.005920640413301578
0.00797946631877615
0.007531055135818236
0.01391083276031251
0.007466501643019239
0.004383068693998296
0.0033698023746162537
0.0124777171907202
0.007689378207278844
0.003763372071731566
0.004731176801058746
0.01312214115524832
0.007361935256504269
0.010202720062631862
0.002698924986705922
0.02343926708771991
0.015468588983002792
0.004255876078094362
0.0025993714907566697
0.013945527509719466
0.006589804632034872
0.005672372952325617
0.007905733692185274
0.005684272316638546
0.002168913191049818
0.005382166185296092
0.010126275872128254
0.003282361992592129
0.010497587137522305
0.008253667001546353
0.006871711927152254
0.0037617965648175816
0.007936753991957007
0.006031972218283682
0.008765132003581375
0.0061402704787193296
0.00979965060641949
0.001982043034647827
0.009651201759685353
0.011817947034542644
0.010486345364578872
0.015316106571038508
0.011012389553781938
0.003209508482323796
0.002981360821109734
0.0033911525342831396
0.0074098695143721294
0.004130779330917793
0.00370492388353051
0.0066907512221602555
0.002989631698690689
0.005986627668715155
0.0035099935772642255
0.012990389319386507
0.01515431075437302
0.004477996801020877
0.010008085175366657
0.005535443918962171
0.01926837783835552
0.0072682999174949435
0.015080106134929033
0.006530641038179958
0.0018251894948214163
0.0038706067829309813
0.002518245334785955
0.0028098129764426295
0.0074389167961367
0.003213801587483892
0.007778890761264775
0.009263514193160622
0.006632678299284036
0.01349590306318044
0.00912071841202684
0.007828100206216163
0.005037101424194288
0.016456727462659148
0.0075624343513264886
0.010650284534716305
0.00836101531410355
0.00285007778363731
0.004068669433681571
0.005758113765888292
0.01010808360995523
0.007264997969402565
0.007432087170170755
0.004916463528772318
0.004144557751321615
0.005226168674432106
0.023116039658563122
0.005097468239463697
0.003721794231920323
0.004068598668505811
0.0063740008766527915
0.0035147659769987558
0.013874684551735282
0.008164556336737603
0.010948760795355762
0.0029942730484419184
0.016366985588122225
0.016358075959854643
0.0035006720667489686
0.004812884698700186
0.013435144596432361
0.01032220012127476
0.012546740441174717
0.009007391817931544
0.0013757245477946428
0.0039109383177057585
0.02099871762898112
0.0034802819429921024
0.0020916122231308264
0.010679562570012437
0.009479721022693632
0.015200303497355233
0.009089962945738779
0.015941366718630896
0.0027817954614579123
0.004095561346005417
0.0074029282468845905
0.010223090566924558
0.004144229598344937
0.011860898717543943
0.016573501018529863
0.003383260273924848
0.005042038393061442
0.008100430556984813
0.008724619438336679
0.008697485292415976
0.003919581884750406
0.018351584419584913
0.0030442455768609914
0.008129482703139079
0.006410399092012997
0.005909603609732808
0.007165725683476778
0.004729558523531082
0.014427243792029245
0.007090950284039412
0.003737189746990877
0.008893127786206465
0.002517256582350765
0.004091118531324952
0.005225322904118139
0.011240549609182734
0.008861170319009883
0.009678377277191366
0.005036789274940852
0.0018271659213217654
0.003994819760899986
0.00561159341373288
0.0026756445343494683
0.006402271631845157
0.02283801944902671
0.010944765866687179
0.006060133396073985
0.011074989412840642
0.002289366162787893
0.01089308337548436
0.005184998602224464
0.007545778832954582
0.004572778485420193
0.004411298997585169
0.008050957751497702
0.013547661848587739
0.00224839312086636
0.0064868914848555375
0.008197509019502792
0.006061314501239286
0.013745800534252861
0.004482170172369707
0.005088163550678968
0.007814727833126622
0.013511449647536755
0.014928483701691628
0.005769110585326895
0.018535301646556614
0.010496476805952868
0.004785115443544071
0.0045277066023593215
0.006658587821474918
0.010992353468816917
0.005587709216540272
0.007782375625002048
0.00733904666329076
0.004814481175341753
0.00411961564371965
0.007826124083891115
0.004401826045711858
0.001659207909326582
0.0131627090299203
0.0036978634320932575
0.0028423810788226764
0.011509905934986363
0.011725935816368969
0.002823263352124393
0.0034819364428016687
0.005039489019364641
0.004067119629916966
0.011305818951940369
0.005314443877253326
0.00901528503300818
0.014379852739027083
0.004124773448715334
0.01097214781957901
0.01143874920280963
0.01317728219140829
0.004172938195878742
0.003037733574952981
0.002138047196303203
0.006173352233161232
0.013418032126151929
0.03697514574994875
0.011883109795088836
0.003385822835262823
0.00864704530053498
0.0023912337013861436
0.010731439995356888
0.006499728795304063
0.005592463840463053
0.00561598939370937
0.004672143351342848
0.015396586394384373
0.010029000478628801
0.006907812118591993
0.009240020768844205
0.011770349893269914
0.003792506375673292
0.005268370035827954
0.004112589113475335
0.01626565157763124
0.007607383790154988
0.023291240027328016
0.0070131807119782575
0.013097921651364976
0.007047046296205885
0.004389761679191016
0.00533100624543274
0.003097491099266483
0.009281031253213681
0.005250563956099743
0.011326627324428747
0.009129343863416609
0.003928895432254111
0.008570773523913172
0.01164795971821075
0.010767326691943342
0.007136316210929569
0.007818827679525653
0.016552928900407028
0.004382243203009365
0.006305884185268845
0.012152746971906417
0.011556765874071827
0.007706964509665459
0.008251885471140323
0.010454985843391442
0.00816986906621177
0.011439792836403652
0.006808279556246904
0.014958845486824735
0.008818661354155587
0.008453760510701595
0.00869587037756154
0.006678234249734218
0.0029761566644656416
0.006824483149583901
0.00749900963452405
0.002916923811000731
0.003782287813052949
0.008508590357494971
0.004639629224731723
0.00600125372631185
0.0065855814882986655
0.012812461682763069
0.004834042540469681
0.0022570646084399595
0.0067747881531951435
0.015015092315371643
0.008727649938757739
0.011333119822801904
0.002251644193540628
0.021696080655589485
0.007010573716561014
0.02409024281242247
0.0028391051277730215
0.002030732849732885
0.005255458549738822
0.0083636123372374
0.004856414065431943
0.009187255165238885
0.003990243177445468
0.011049544265405253
0.013439074534982746
0.004602847129639302
0.008901561233459445
0.003933790896875624
0.005753748088283148
0.006787394900768348
0.0056337839306548915
0.005313543787143618
0.013505053957498342
0.007174546116600627
0.005270139265972574
0.005243733944666456
0.0037075507659605233
0.006492428573702765
0.006619629909244138
0.010349392912019856
0.006110242808484127
0.003051783577119112
0.006522645016798351
0.010163586940317318
0.007867198052259394
0.01364631681050792
0.007754623988188416
0.007035196928399393
0.007424589280597942
0.009396944410334207
0.01511276262125035
0.008011501813037015
0.006805900451749675
0.020575182979253263
0.008705888491515558
0.004776968331778827
0.006878548690256336
0.017259552088341856
0.005213890097134705
0.015681611002861494
0.003985753529485752
0.008447712130129273
0.014638860137781505
0.00588779712666685
0.012106629058227342
0.007789370539634966
0.008923418927538306
0.0036748522400652265
0.0014740322208610344
0.0025597797911793988
0.0046565642999824575
0.00762876560338258
0.011835183322943837
0.01062898529252999
0.010676766074578896
0.005523059217944791
0.011142217433511528
0.0039059357132066055
0.00931273854131163
0.0025854917943118026
0.020474979475307433
0.010017298358602515
0.006101208072997597
0.010165820939232866
0.003543343324925182
0.003491250457311269
0.015594393954716422
0.018853586264283437
0.005869861790183229
0.0035050086927485586
0.017134530162097587
0.00899260562012455
0.011940778591984
0.01710449424303747
0.009463392206406107
0.010324237097053518
0.0061336690566381556
0.015935048149571446
0.0026721378107117766
0.0039120214379007165
0.008811204784355651
0.0048923728875252545
0.008496773868014743
0.006357589341939213
0.005209611306194189
0.005204384352360603
0.0043191964463878746
0.005311058733591741
0.015978422846106618
0.004664460493892098
0.0032136618729775505
0.0051810340811322105
0.004464806065705629
0.0069853260625484075
0.011487830457844487
0.0094538331897099
0.010118582200631849
0.010662025050415636
0.011190480441403828
0.012823588377570931
0.02351153702040039
0.011657317926622302
0.00515934584702442
0.007617937206734414
0.016877196563802602
0.00936839821407299
0.01575036375390795
0.006257276291628659
0.004773607091822945
0.011004817430612327
0.007926927634807174
0.020428028222671177
0.003778164660770021
0.009328915765172086
0.008791352742020244
0.003749889852866148
0.008644571840918066
0.006222904437254803
0.005838419922778749
0.005912243677529351
0.0032586328703703904
0.009868142813818658
0.00923713387770995
0.007330138481701613
0.008195018597707356
0.003432396315688132
0.01138008561411053
0.012623603119273307
0.0025977576339247235
0.006699100059004114
0.0018160798441397756
0.028847591880402996
0.008640923227093079
0.005077521277952693
0.007272056445450011
0.002992614837002218
0.0119452300598178
0.005761756612619995
0.0031313497225220967
0.007974885044867472
0.009705293653557273
0.003183176561063502
0.0070395054415918375
0.00660068645662295
0.004081098245406437
0.00966802735938963
0.006205609881351215
0.004769420088997246
0.010231839959010381
0.0034767941500917616
0.011904265145362455
0.025990844578774146
0.01212178384050392
0.008915594674488339
0.004423861747979134
0.0038414395792771127
0.01138191310687385
0.01142421746214479
0.005218187065866437
0.010789030493107917
0.00645997329833769
0.010652530567738894
0.0051011134329033625
0.004708114975771031
0.005145974582014094
0.002318482912865588
0.006120985611187537
0.021443659383929135
0.004762192017993778
0.008418085517948001
0.0034586900533019886
0.0016925854717001053
0.01461130158538367
0.005930888317158355
0.006089903883366553
0.013212374930570887
0.015486960252743018
0.0020057675626264327
0.015807023561930585
0.005301264607856276
0.004625024448429265
0.002629534179834283
0.012314707976746024
0.002880937400866794
0.0010882254016757926
0.0056539446467174514
0.0015254141010402026
0.007822297243472118
0.0039286329226579965
0.008230211808323307
0.006345934711035476
0.003044036002251388
0.008475149015916799
0.029564447899758636
0.0043405727151573726
0.005043065688806827
0.012197055901901144
0.00970883569345996
0.00790887247189698
0.006180132543715352
0.014430875263409818
0.007866134596166632
0.0030418501674359557
0.003456486410393503
0.0070039504234268544
0.012333377114744831
0.0067156841622143595
0.008592487193170151
0.004824562633054755
0.005108414709973732
0.0014025730834670894
0.011774324382021275
0.004771735196334381
0.005158128514631925
0.010505468653069039
0.006600124671406483
0.004892414302327175
0.014641118324175029
0.006987383337900164
0.003647600901603911
0.003907862164980401
0.006177236129855923
0.0028899704746562006
0.011519424560052277
0.002204084276243618
0.0036103055293929443
0.00476932069074072
0.018728161421559582
0.005281940472739891
0.008509264583886287
0.012570704170589822
0.0018545560358656378
0.008512744830207064
0.005408593616364537
0.013672465061204975
0.004973644609516387
0.006170964776303332
0.0056909439839855835
0.013624230495286544
0.00551227446214286
0.012673030230340991
0.002526240389618602
0.011680300356217307
0.007869781898874191
0.00809499833042867
0.002515050153878622
0.004364515973912416
0.006248363286205891
0.00477343235536474
0.012791659147460098
0.007986162479784904
0.00465093177364343
0.012858417611016446
0.007327666164460778
0.013987464998081534
0.008585328189989994
0.006405879545506269
0.008260546818776356
0.011011320505567367
0.009417366200981471
0.007595265563346648
0.004160440757585142
0.010481322526313777
0.005860524154199129
0.009949726723619387
0.007846128683693243
0.005951768252299709
0.00902081603607869
0.005153152577930448
0.008939274302539225
0.00863066446891246
0.0026561854893323677
0.009242829799009585
0.004842543197566218
0.008042106376750407
0.005544792375456004
0.003839770775512156
0.009344214765446075
0.006082366561841908
0.0030392122723942065
0.0042224706742661
0.010668455571903832
0.009699716123784001
0.00752478459318199
0.004502030368154608
0.006102745866741793
0.0038949336523975285
0.014516980618327862
0.017584552163429558
0.005931723336190952
0.01739604234653553
0.012238663430490942
0.004160791476801103
0.015180419617307952
0.00980582110626917
0.005769847655927166
0.011485985676945698
0.006896520454774171
0.005315924795403577
0.00627987895482514
0.01663201722638896
0.008330989009420165
0.005816253681787656
0.007873618153830374
0.009375838986672103
0.003302712108447732
0.005682364131511088
0.010261646426619812
0.004043650889601138
0.003858169382682989
0.02791247466675849
0.018196284710319043
0.007324960712123507
0.008886672333094618
0.0060826539500052085
0.022782570551753287
0.01118823487231668
0.003181188162577536
0.0038883781239092484
0.021941709540656055
0.009473719039429566
0.008634770847357686
0.004598732414064875
0.007941106748506139
0.011544167726375062
0.002574726920498197
0.025980962853882746
0.013685193786879274
0.005938986450017043
0.008722656420944816
0.014767172824792256
0.0020488492563119774
0.0039270080347792
0.009101344337509823
0.003968937629862755
0.008933583905316256
0.011421287342935243
0.007252443260650123
0.01044691057238488
0.005871400292506778
0.02094271430540816
0.003693469383627837
0.006844348323123288
0.025075578650226707
0.006563523650199338
0.009323778987939874
0.013713630414887846
0.007164431294720515
0.013481313631565094
0.010405989926695038
0.00502159570194994
0.006611044575692391
0.012302600173643768
0.014004024873538468
0.004670315536402831
0.010781223214004253
0.0192409732451941
0.008560017545449798
0.005478003741447255
0.005888192635096974
0.0043909055880738184
0.005167783848933859
0.002490162232133874
0.0034339230161898565
0.007816026456818476
0.004396361828517889
0.0037502879872549394
0.00602519071663527
0.006879614381654601
0.003981954016034493
0.0055050710851277385
0.0055510927338979065
0.006793545620835435
0.0019476178392632305
0.009767855920342586
0.010897202157062183
0.005416382785657064
0.010474554169558885
0.013253358884363343
0.00933104784120065
0.007686214452819252
0.004497801829564183
0.002980386071252483
0.007480129246262239
0.011475373857722891
0.012523714477763763
0.009036387964979551
0.0056484848785936966
0.0007851706336428784
0.00337329913903277
0.005904312620374879
0.009247518348072817
0.024002953845644374
0.004534026256661737
0.008003280696174803
0.01522411641018934
0.0058901128934152934
0.0012130624637763459
0.006984914884436307
0.00864229267341158
0.016093094027556935
0.004200666505504151
0.006389528462720272
0.0038162195319699477
0.02030188689023185
0.00677891724345596
0.008155881063161563
0.005117549388141855
0.011804747839838143
0.008159803913707603
0.0015738500480180348
0.004053068226023335
0.011490906295817888
0.011284984254479076
0.008193367530878954
0.009921219875794517
0.009272132825376441
0.014991890199618763
0.0049260745055593825
0.01128140150189953
0.018752664196535786
0.004724143631445898
0.008743076908292909
0.00644212973505183
0.012724058900940772
0.003453387982336918
0.01118634509874584
0.011823574930278424
0.016325385202685488
0.011065138761562137
0.004550320864073451
0.02034005420973839
0.0035742552528802546