# distance between solutions
3.488821756485609e-16
2.2247786310271853e-16
5.956012830044725e-15
6.866350197783356e-16
6.125121657294927e-16
1.6653345369377348e-16
1.0007415106216802e-16
6.335327934766281e-16
3.444376352465766e-16
1.942890293094024e-16
1.545365047825326e-15
1.3311106448512297e-16
3.8956806801599406e-16
1.8824747269678055e-16
3.236828524569469e-16
2.0396099332657776e-16
1.7109685898544713e-16
1.4526007183912088e-15
5.003707553108401e-16
9.614813431917819e-17
7.850462293418876e-17
1.7109685898544713e-16
2.3714374201337736e-16
4.326666044363019e-16
2.2606741694516637e-15
1.2866737660321158e-15
1.4376745168209603e-15
2.6549771367108387e-15
3.7853558335037716e-16
2.8168832724973556e-16
2.0495946903467132e-15
1.442222014787673e-16
5.0033226377223855e-15
2.1677797545656835e-16
2.0955000055363631e-16
2.2030305172320775e-16
3.2487068343022356e-16
1.3018518929051675e-16
3.532708032038494e-16
2.9634845277824204e-16
9.614813431917819e-17
1.4686870114880517e-16
1.962615573354719e-16
9.694605782913356e-16
1.3597399555105182e-16
1.3018518929051675e-16
1.415262216750919e-16
1.1497976259556273e-13
2.254873622441467e-16
3.0150272531948617e-16
2.6910028968576024e-16
3.532708032038494e-16
1.3311106448512297e-16
6.798699777552591e-17
4.344434768182728e-16
1.1102230246251565e-16
2.11243457008231e-12
1.6883057536160649e-16
1.3583228212479433e-15
2.1285106532917645e-15
5.503238461258804e-15
4.582780908744595e-15
1.442222014787673e-16
1.442222014787673e-16
3.3422138886441676e-16
4.050792900924367e-16
2.2707046587157715e-15
1.1284612883164582e-15
1.6653345369377348e-16
2.3387263717801085e-16
1.545365047825326e-16
2.5589376332604516e-16
5.177735492072797e-16
6.5581908723409195e-15
1.7109685898544713e-16
1.6926350419598586e-15
2.0396099332657776e-16
2.2887833992611187e-16
5.564975606931872e-16
3.3306690738754696e-16
7.152111528976949e-16
2.897767167584095e-16
2.6477131637640694e-16
6.741805892158181e-16
4.926125993037447e-16
1.8618695829999375e-14
3.8659043403122315e-16
6.784350709900076e-15
2.7052788744732945e-16
3.1155556357914184e-16
1.6823634108810978e-15
4.265969670602906e-15
1.5202354861220294e-16
1.3018518929051675e-16
6.030054506389723e-16
2.871059066264115e-16
1.6883057536160649e-16
4.4147945634195513e-16
8.777083671441753e-17
1.0749688212373146e-16
1.594436429147036e-16
6.798699777552591e-17
1.7554167342883506e-16
1.8619006149354548e-16
1.0906210770260937e-15
3.477763656540197e-16
2.618455766672135e-16
1.0007415106216802e-16
8.326672684688674e-17
2.0206364052201326e-16
1.9229626863835638e-16
1.7554167342883506e-16
1.7109685898544713e-16
1.2098374922832816e-16
1.5700924586837752e-16
2.5891652999418735e-15
1.0749688212373146e-16
8.777083671441753e-17
1.4946834900704541e-16
5.147892387644517e-16
9.205483015737869e-17
1.8824747269678055e-16
6.249628730746582e-16
1.3262083390977535e-14
2.5888677460363984e-16
1.415262216750919e-16
2.220446049250313e-16
1.642041997679149e-16
4.517086694188649e-15
6.206335383118183e-17
1.0613958570625982e-14
8.777083671441753e-17
1.0749688212373146e-16
4.263892432392673e-16
6.455782214150334e-16
3.815760786470701e-16
3.0329872710532754e-15
2.257946356488987e-15
7.850462293418876e-17
9.473559806558736e-16
2.7755575615628914e-16
3.0531133177191805e-16
1.6184142622847344e-16
8.777083671441753e-17
1.2979998133089057e-15
2.253848446838379e-15
4.1168171577819285e-16
2.4443681649843508e-14
2.7434529743856224e-15
7.184352615899217e-16
1.0385185452638061e-16
1.9821445675202305e-16
1.4048818480598429e-15
7.145861471754503e-15
7.835679693242145e-15
3.3848149215534353e-15
1.0007415106216802e-16
2.5734972105597522e-15
2.254873622441467e-16
1.594436429147036e-16
2.00032798622099e-15
1.798766884999431e-16
2.3055512673781017e-16
1.0623534945633305e-15
1.6653345369377348e-16
1.1775693440128312e-16
1.3597399555105182e-16
9.61080642468736e-16
2.7052788744732945e-16
3.8659043403122315e-16
1.9249647303265174e-15
1.4946834900704541e-16
1.6184142622847344e-16
2.1636890970785274e-15
3.8659043403122315e-16
1.3816590610120242e-15
5.647424180903416e-16
1.2719202621569003e-16
2.5286532809710436e-16
4.353291932867632e-16
2.0770370905276122e-16
1.642041997679149e-16
1.962615573354719e-16
1.442222014787673e-16
3.3306690738754696e-16
1.1775693440128312e-16
3.4078376670045526e-15
9.658780798119278e-16
3.444376352465766e-16
3.236828524569469e-16
3.365184701171237e-16
5.240293838999008e-15
2.886980157072473e-15
1.7109685898544713e-16
1.415262216750919e-16
4.3709524189038457e-16
6.798699777552591e-17
1.8475709007862017e-15
1.7109685898544713e-16
3.983674527587667e-16
6.347476225759414e-16
2.851579256360995e-13
7.343435057440258e-17
1.5202354861220294e-16
1.962615573354719e-16
8.92936166238279e-16
1.6883057536160649e-16
7.519661107204848e-16
4.031730240309769e-16
2.6766507790745728e-16
1.83522921912888e-15
4.2838103228433604e-15
2.5739461938222585e-16
1.1102230246251565e-16
6.099915288392241e-16
4.592520441650042e-15
1.6651032244097855e-15
1.5895974606912448e-15
1.962615573354719e-16
1.1775693440128312e-16
1.415262216750919e-16
1.4946834900704541e-16
1.2098374922832816e-16
1.5767023727435193e-15
3.5772404060234126e-15
1.0749688212373146e-16
1.1827914066321619e-15
2.0584085788909642e-16
1.6184142622847344e-16
1.0514198914222013e-15
3.925231146709438e-17
2.7755575615628914e-16
7.110954638856569e-15
6.748943856986671e-16
4.358862705725997e-15
1.3597399555105182e-16
3.2249064637119435e-16
4.775249788392736e-16
1.1775693440128312e-16
1.4946834900704541e-16
9.205483015737869e-17
4.4235108494242803e-16
9.112963250336172e-16
2.9373740229761033e-16
3.414161448351455e-15
2.1138016631127878e-16
8.777083671441753e-17
3.964289135040461e-16
1.415262216750919e-16
4.28668669083565e-15
1.3877787807814457e-16
8.326672684688674e-17
1.3018518929051675e-16
1.2719202621569003e-16
3.3537189618722464e-16
6.317061694150495e-16
1.0749688212373146e-16
2.5589376332604516e-16
5.8648391652950105e-15
1.3877787807814457e-16
6.407872222066844e-16
1.3877787807814457e-16
4.70209270023098e-16
2.1677797545656835e-16
1.2545397365381653e-15
1.329373279771234e-15
3.499844917464604e-16
1.1775693440128312e-16
1.442222014787673e-16
1.0385185452638061e-16
1.0385185452638061e-16
8.777083671441753e-17
3.078242246215395e-16
6.798699777552591e-17
1.9229626863835638e-16
2.451306065445149e-16
4.979167700339888e-15
1.8619006149354548e-16
4.2276033262255756e-16
1.6312157463577297e-15
7.850462293418876e-17
2.871059066264115e-16
3.532708032038494e-16
1.594436429147036e-16
4.0125770192081414e-16
1.3018518929051675e-16
2.1854762094519229e-16
2.237726045655905e-16
4.107450098641758e-16
6.649763268202179e-16
1.0007415106216802e-16
8.777083671441753e-17
1.8680719182166244e-13
5.844462894873045e-14
1.3417603338205747e-14
1.4946834900704541e-16
1.9821445675202305e-16
2.0396099332657776e-16
2.0206364052201326e-16
3.7238012298709097e-16
2.482534153247273e-16
2.633125101432526e-16
1.7333351416399796e-16
2.7194799110210365e-16
6.206335383118183e-17
1.942890293094024e-16
1.448431567945101e-14
1.4946834900704541e-16
6.550551057807856e-16
3.7853558335037716e-16
6.206335383118183e-17
4.70209270023098e-16
4.326666044363019e-16
1.1775693440128312e-16
1.902826396560654e-16
1.5700924586837752e-16
1.1947800110396136e-15
2.178238051956763e-15
2.1463425746221791e-13
1.2412670766236366e-16
1.902826396560654e-16
1.6653345369377348e-16
1.2725257943321967e-15
2.0206364052201326e-16
1.442222014787673e-16
6.798699777552591e-17
1.1102230246251565e-16
1.1840933238194985e-15
8.001119381151097e-16
4.1354876261643746e-16
1.2719202621569003e-16
1.798766884999431e-16
9.522225673746189e-16
9.891270958520527e-16
1.3877787807814457e-16
1.0749688212373146e-16
1.1775693440128312e-16
1.9821445675202305e-16
1.1706800367418746e-15
1.3247291667830257e-15
1.0007415106216802e-16
1.1032623100843847e-15
3.2487068343022356e-16
1.415262216750919e-16
1.0351750678301029e-15
1.2098374922832816e-16
1.1775693440128312e-16
1.2979998133089057e-15
2.0770370905276122e-16
1.2719202621569003e-16
2.6477131637640694e-16
1.1443916996305594e-16
1.3877787807814457e-16
5.003707553108401e-16
7.076311083754595e-16
5.887846720064157e-16
4.51111362796076e-15
1.3597399555105182e-16
1.0749688212373146e-16
1.0749688212373146e-16
3.4106622324849034e-16
5.1225394392124706e-15
3.127894518280173e-16
2.3055512673781017e-16
2.0014830212433605e-16
1.3877787807814457e-16
7.791361360319881e-16
8.920730087951354e-16
2.451306065445149e-16
1.5202354861220294e-16
9.150546466422495e-15
1.8619006149354548e-16
4.8074067159589095e-17
2.0584085788909642e-16
3.754704674526955e-16
2.0584085788909642e-16
3.905555678715502e-16
1.0007415106216803e-15
1.594436429147036e-16
1.442222014787673e-16
2.0396099332657776e-16
1.3308212415116097e-15
3.040470972244059e-16
1.7109685898544713e-16
2.8168832724973556e-16
1.798766884999431e-16
3.8659043403122315e-16
1.7333351416399796e-16
1.942890293094024e-16
6.798699777552591e-17
3.8758552044962204e-16
4.3177542613803813e-16
8.572834226661386e-16
1.798766884999431e-16
8.777083671441753e-17
1.3296629982621472e-15
1.2719202621569003e-16
9.205483015737869e-17
1.8991791910845106e-15
3.6506759942727966e-16
2.2030305172320775e-16
2.271891778003035e-16
8.049116928532385e-16
7.092622233518052e-16
1.6939998869943826e-16
3.7341307954279784e-16
1.594436429147036e-16
1.6184142622847344e-16
2.6910028968576024e-16
1.1775693440128312e-16
8.386264382800102e-14
4.260277431800107e-15
2.3551386880256624e-16
3.3766115072321297e-16
9.614813431917819e-17
2.9764538874609303e-16
1.881656081690141e-15
7.168250199054958e-16
5.460164424183067e-16
1.798766884999431e-16
3.5760557644884744e-16
2.5507962921640445e-15
8.666675708199897e-16
8.326672684688674e-17
4.526797389797801e-16
2.5739461938222585e-16
1.1775693440128312e-16
5.295426327528139e-16
1.9669285885067305e-15
2.0955000055363631e-16
1.545365047825326e-16
3.5868108437031825e-16
1.7145668453322772e-15
1.1102230246251565e-16
5.959374814064025e-16
3.835896867111847e-16
1.8824747269678055e-16
6.798699777552591e-17
3.7238012298709097e-16
3.0150272531948617e-16
1.6653345369377348e-16
2.451306065445149e-16
1.0628319897432315e-14
1.642041997679149e-16
1.0987141981161068e-15
4.236704743275018e-16
1.6035902412230618e-15
9.086676961562561e-15
1.4686870114880517e-16
4.084975815124095e-15
2.9634845277824204e-16
2.1138016631127878e-16
4.3908232844529266e-15
2.0396099332657776e-16
2.3324594116307926e-15
2.3221980631040627e-16
1.2412670766236366e-16
3.3074585536510505e-16
2.1854762094519229e-16
5.841872868741823e-16
4.575378467789468e-15
8.326672684688674e-17
2.403703357979455e-16
7.806178542693738e-16
3.455541296989643e-16
1.5011122659325205e-16
2.872266267214299e-15
2.7194799110210365e-16
1.3311106448512297e-16
2.633125101432526e-16
1.415262216750919e-16
1.576213700060856e-15
1.415262216750919e-16
8.777083671441753e-17
2.181595305864435e-15
3.5606466029229485e-14
1.6627883293318834e-15
1.8824747269678055e-16
1.8410966031475738e-16
8.793350088517829e-15
5.894385141534759e-16
1.0461952749654006e-13
8.326672684688674e-17
1.0749688212373146e-16
2.8031757299712627e-16
3.401615367127582e-15
4.2909078606213366e-16
5.996681878307429e-15
8.261655840634106e-16
1.3018518929051675e-16
2.1677797545656835e-16
3.7238012298709097e-16
1.3018518929051675e-16
1.4946834900704541e-16
8.326672684688674e-17
2.466969522362136e-16
8.518746404519332e-16
2.7336071744532853e-16
3.6821932062951477e-16
1.7109685898544713e-16
1.1209267129113449e-15
1.4067997763904868e-15
4.949528148480988e-16
1.8957281651720487e-15
6.512454135217994e-15
2.7894008272968645e-16
3.0150272531948617e-16
2.958067317904054e-14
3.8459253727671276e-16
1.8098678541301877e-15
1.0007415106216802e-16
1.5995015905350029e-15
1.9821445675202305e-16
2.9918141669452194e-15
1.0749688212373146e-16
1.4946834900704541e-16
1.2719202621569003e-16
2.3729832296316574e-12
6.206335383118183e-17
1.0749688212373146e-16
2.9634845277824204e-16
8.326672684688674e-17
2.1138016631127878e-16
1.7109685898544713e-16
3.040470972244059e-16
1.3597399555105182e-16
1.5844763293610368e-14
1.6883057536160649e-16
5.808811636269881e-16
8.777083671441753e-17
2.1677797545656835e-16
1.962615573354719e-16
7.97218214573518e-17
1.1443916996305594e-16
1.545365047825326e-16
1.2719202621569003e-16
3.2723341043959784e-16
1.8200548080610225e-16
7.343435057440258e-17
1.902826396560654e-16
2.1854762094519229e-16
1.0385185452638061e-16
1.1775693440128312e-16
1.4686870114880517e-16
1.9821445675202305e-16
4.326933114271261e-15
9.171947447016606e-16
1.4946834900704541e-16
1.545365047825326e-16
2.5286532809710436e-16
1.4686870114880517e-16
2.5560760441229557e-15
1.7333351416399796e-16
1.1867512975733132e-14
4.8074067159589095e-17
2.7336071744532853e-16
2.0955000055363631e-16
1.0007415106216802e-16
1.3018518929051675e-16
1.2773597178887654e-15
1.594436429147036e-16
9.757969893912614e-16
4.855242786854203e-16
1.8689212255043525e-15
1.2591368194996016e-15
3.0531133177191805e-16
6.538780067061182e-16
1.640633929393026e-15
2.1778843557537402e-15
6.9285055423114684e-15
2.0584085788909642e-16
3.987153888797121e-15
1.642041997679149e-16
5.17029086494124e-15
2.466969522362136e-16
5.3533015581491455e-16
1.8824747269678055e-16
2.7894008272968645e-16
2.5739461938222585e-15
1.6184142622847344e-16
3.3766115072321297e-16
1.2941362678014786e-15
1.8410966031475738e-16
7.343435057440258e-17
2.7052788744732945e-16
2.0206364052201326e-16
3.499844917464604e-16
1.415262216750919e-16
1.1979995803661068e-15
9.205483015737869e-17
1.1443916996305594e-16
1.545365047825326e-16
6.798699777552591e-17
1.6184142622847344e-16
1.415262216750919e-16
2.1499376424746292e-16
1.0385185452638061e-16
6.173104587776203e-15
7.098050953971103e-16
1.545365047825326e-16
1.2098374922832816e-16
1.7554167342883506e-16
2.0955000055363631e-16
1.798766884999431e-16
1.3311106448512297e-16
3.3074585536510505e-16
2.447689292169211e-15
1.0007415106216802e-16
2.6910028968576024e-16
3.2249064637119435e-16
2.677226341016302e-15
1.3311106448512297e-16
1.9821445675202305e-16
2.0584085788909642e-16
1.3877787807814457e-16
1.9279638981753172e-16
1.9337490995530567e-15
1.902826396560654e-16
2.435541875787129e-16
7.343435057440258e-17
4.406061034464155e-16
3.387999773988765e-16
3.9933319345536897e-16
2.5133742693021536e-16
1.6653345369377348e-16
9.205483015737869e-17
2.6910028968576024e-16
7.850462293418876e-17
1.798766884999431e-16
1.1981860499540403e-14
1.798766884999431e-16
1.0007415106216802e-16
1.6883057536160649e-16
2.403703357979455e-16
1.942890293094024e-16
4.783309287441108e-16
1.8200548080610225e-16
8.972394979902883e-16
8.35507371387349e-15
1.798766884999431e-16
3.3074585536510505e-16
4.050792900924367e-16
1.8410966031475738e-16
1.4946834900704541e-16
2.3055512673781017e-16
4.086918795233578e-13
1.0385185452638061e-16
1.1443916996305594e-16
2.0206364052201326e-16
1.0385185452638061e-16
6.317061694150495e-16
9.205483015737869e-17
8.976901510713522e-15
4.8074067159589095e-17
5.551115123125783e-17
2.1319462161963365e-16
9.175726317236822e-15
1.3018518929051675e-16
6.911082593979286e-16
2.924231343973887e-16
1.4946834900704541e-16
2.0396099332657776e-16
3.7853558335037716e-16
4.8074067159589095e-17
8.177444514336866e-15
3.030192007589715e-15
4.408420792395245e-15
1.798766884999431e-16
3.835896867111847e-16
2.7755575615628914e-17
6.603260856647041e-16
1.0373681196787436e-14
1.9821445675202305e-16
6.798699777552591e-17
1.6653345369377348e-16
1.8200548080610225e-16
8.777083671441753e-17
8.115836623419884e-16
1.7772239894833365e-16
6.206335383118183e-17
2.1319462161963365e-16
1.3018518929051675e-16
1.2098374922832816e-16
1.4946834900704541e-16
2.451306065445149e-16
2.4012984515664404e-15
1.7854409102375113e-15
2.9764538874609303e-16
2.482534153247273e-16
1.2719202621569003e-16
2.9764538874609303e-16
2.9565877006415327e-15
1.4946834900704541e-16
1.2072877792441454e-15
3.115308359658183e-15
1.1102230246251565e-16
2.0206364052201326e-16
2.452798676399351e-13
1.2412670766236366e-16
3.466670283279959e-16
1.0007415106216802e-16
3.323804591894763e-13
7.899375304297577e-16
8.777083671441753e-17
6.206335383118183e-17
1.2725257943321967e-15
1.2836766183185386e-15
5.47270698568403e-15
3.0788678416382175e-15
1.1233295596406768e-15
9.395990030364596e-16
1.942890293094024e-16
6.93985774369886e-13
1.7333351416399796e-16
5.958986989634572e-15
1.1775693440128312e-16
1.2098374922832816e-16
1.3018518929051675e-16
1.415262216750919e-16
7.343435057440258e-17
2.1499376424746292e-16
4.052218985425834e-15
1.3018518929051675e-16
1.4946834900704541e-16
1.8200548080610225e-16
1.0749688212373146e-16
5.551115123125783e-17
3.5760557644884744e-16
1.2098374922832816e-16
4.80740671595891e-16
1.3018518929051675e-16
1.5202354861220294e-16
1.3018518929051675e-16
1.2098374922832816e-16
1.442222014787673e-16
5.985173094038516e-16
2.271891778003035e-16
4.142932254379626e-15
8.541324621707601e-16
3.677901787350797e-15
2.9373740229761033e-16
1.277896361605772e-14
9.614813431917819e-17
2.6337101753429643e-15
2.7781362444299608e-14
1.442222014787673e-16
3.3859527127454596e-15
1.2098374922832816e-16
3.462667968745657e-15
3.983674527587667e-16
7.15028018162095e-15
5.748822300757345e-16
1.3018518929051675e-16
1.3018518929051675e-16
8.715250743307479e-15
2.701431795413705e-15
5.822058658345461e-16
1.8410966031475738e-16
1.415262216750919e-16
1.2412670766236366e-16
9.92999422311869e-13
1.594436429147036e-16
7.850462293418876e-17
1.7333351416399796e-16
6.207948820598181e-15
1.798766884999431e-16
1.159435809979368e-14
1.3311106448512297e-16
2.1319462161963365e-16
1.8619006149354548e-16
2.618455766672135e-16
2.9373740229761033e-16
7.619095091396505e-15
3.0838680363115685e-15
1.3311106448512297e-16
1.1126662962681143e-14
1.3018518929051675e-16
2.1677797545656835e-16
1.8200548080610225e-16
2.1499376424746292e-16
1.7772239894833365e-16
2.633125101432526e-16
3.188872858294072e-16
1.942890293094024e-16
8.777083671441753e-17
1.442222014787673e-16
3.3074585536510505e-16
1.6883057536160649e-16
5.288147387554801e-16
1.642041997679149e-16
1.1443916996305594e-16
9.057848289240456e-16
2.0396099332657776e-16
7.850462293418876e-17
1.7772239894833365e-16
1.2098374922832816e-16
1.287272358186401e-15
3.0531133177191805e-16
1.5202354861220294e-16
1.4946834900704541e-16
2.2030305172320775e-16
2.271891778003035e-16
4.2392659935444215e-14
2.271891778003035e-16
1.0821115497893178e-15
2.254873622441467e-16
1.3018518929051675e-16
1.8824747269678055e-16
1.656323015458025e-13
1.9821445675202305e-16
6.443838111016509e-16
2.387624894196368e-16
3.2249064637119435e-16
9.614813431917819e-17
1.0007415106216802e-16
2.267479344897361e-15
6.798699777552591e-17
2.1138016631127878e-16
1.3018518929051675e-16
5.855045090355223e-16
1.3509297595735111e-15
3.078242246215395e-16
3.4219371797089426e-16
1.0313197312848777e-13
1.8619006149354548e-16
1.442222014787673e-16
2.8031757299712627e-16
1.1205830284902934e-15
8.563843312570936e-16
2.9677732779158286e-14
1.0749688212373146e-16
1.1775693440128312e-16
5.309954273421678e-16
4.9850883717507435e-14
3.744431865468923e-16
4.8074067159589095e-17
3.3074585536510505e-16
1.1443916996305594e-16
8.777083671441753e-17
9.614813431917819e-17
1.1102230246251565e-16
3.5435946773586813e-16
7.343435057440258e-17
2.254873622441467e-16
1.988268910819211e-13
2.6586016805646453e-15
3.4106622324849034e-16
1.5508389067052644e-15
2.482534153247273e-16
2.309223858793118e-15
1.7109685898544713e-16
1.1775693440128312e-16
3.0150272531948617e-16
1.9229626863835638e-16
1.0007415106216802e-16
2.4196749845665633e-16
6.442283751090694e-15
1.442222014787673e-16
1.8200548080610225e-16
1.4283716050686128e-14
7.633338385625859e-15
2.254873622441467e-16
1.3018518929051675e-16
8.326672684688674e-17
1.0385185452638061e-16
1.1775693440128312e-16
6.798699777552591e-17
8.777083671441753e-17
1.3597399555105182e-16
1.2023515453376041e-14
1.1443916996305594e-16
7.343435057440258e-17
2.7289532625086425e-15
1.545365047825326e-16
4.466837161107596e-16
2.2030305172320775e-16
3.6188843062238402e-16
6.550551057807856e-16
3.682088597047657e-15
2.2887833992611187e-16
2.0770370905276122e-16
2.0231130264549613e-15
1.8824747269678055e-16
4.577566798522237e-16
4.281921656285468e-16
5.117875266520903e-16
9.614813431917819e-17
1.831415855382973e-14
1.902826396560654e-16
6.206335383118183e-17
2.7894008272968645e-16
1.6883057536160649e-16
1.7333351416399796e-16
1.2066495091602823e-15
1.1102230246251565e-16
4.0125770192081414e-16
1.4686870114880517e-16
1.1775693440128312e-16
2.403703357979455e-16
1.1729809684177493e-15
3.8659043403122315e-16
1.3018518929051675e-16
1.3877787807814457e-16
7.050399481033964e-13
3.835896867111847e-16
2.1854762094519229e-16
4.263892432392673e-16
1.634989529877633e-15
2.618455766672135e-16
4.39073555834512e-16
6.250676411061044e-15
9.019994562458248e-14
9.205483015737869e-17
2.3221980631040627e-16
1.2929451619183702e-15
1.3480754784224048e-15
1.798766884999431e-16
4.677452743560217e-16
6.239327459902075e-15
2.7020020786785366e-15
1.9576418911582108e-14
1.5202354861220294e-16
4.54378355600607e-16
2.0396099332657776e-16
2.8168832724973556e-16
3.6188843062238402e-16
2.5888677460363984e-16
6.770312598131361e-16
1.7554167342883506e-16
4.894749075098458e-16
2.3531752540136444e-15
1.6184142622847344e-16
1.0385185452638061e-16
9.205483015737869e-17
1.798766884999431e-16
1.6184142622847344e-16
7.343435057440258e-17
8.326672684688674e-17
1.3018518929051675e-16
1.5700924586837752e-16
1.6184142622847344e-16
1.3118730877277856e-15
1.442222014787673e-16
1.1102230246251565e-16
2.031662633610887e-15
2.0955000055363631e-16
2.1499376424746292e-16
2.498001805406602e-16
2.3387263717801085e-16
1.6184142622847344e-16
1.6018358050400254e-14
3.127894518280173e-16
1.7109685898544713e-16
7.168250199054958e-16
1.3877787807814457e-16
1.6883057536160649e-16
1.3311106448512297e-16
1.545365047825326e-16
6.798699777552591e-17
9.205483015737869e-17
2.0206364052201326e-16
2.237726045655905e-16
1.0168475498440427e-13
1.442222014787673e-16
2.0770370905276122e-16
9.205483015737869e-17
2.5286532809710436e-16
3.3766115072321297e-16
1.2412670766236366e-16
2.7476618026966064e-16
9.999714131543225e-16
1.3018518929051675e-16
2.761644904721361e-16
1.902826396560654e-16
2.436685046966853e-14
4.926125993037447e-16
7.196459308337018e-15
6.798699777552591e-17
1.1775693440128312e-16
6.3729727003350476e-15
5.214799211354908e-16
2.7755575615628914e-17
4.281921656285468e-16
3.760752469865852e-15
7.087189354717363e-16
1.6883057536160649e-16
2.716503851444745e-15
2.166713371084954e-15
5.676948239802636e-15
1.9821445675202305e-16
2.633125101432526e-16
2.4196749845665633e-16
1.2719202621569003e-16
1.415262216750919e-16
3.0531133177191805e-16
1.2719202621569003e-16
2.1138016631127878e-16
1.642041997679149e-16
1.3877787807814457e-16
1.3877787807814457e-16