# distance between solutions
0.0044228792952444515
0.005168667582504531
0.008422965461977067
0.006077413489084787
0.00832079538387373
0.005641507364543013
0.024455556016050466
0.004203150268587068
0.0038902093486827103
0.0038065705560843223
0.01079782897812081
0.004255249654815861
0.00628208435416517
0.009818271038345493
0.007106735894294181
0.005789477398062396
0.00770714675304683
0.006152042962484265
0.013123479698327247
0.0030600460990000524
0.012269612311296384
0.007399812186100453
0.007307952059963333
0.0048865493014234596
0.004050574775044509
0.004055232889882806
0.009110833045448515
0.010982974574311377
0.002633313601643426
0.004614488179342402
0.0037188288133023807
0.004138509022450135
0.006139412668935259
0.008428410386125403
0.00706016316005052
0.004701440590842887
0.007242783968305243
0.0041884369209018646
0.008241305366547469
0.0047035985054907446
0.006436273995629498
0.002277947561009087
0.008526829321756618
0.005251906279594706
0.003395649780738972
0.0036889948419839684
0.008543298244988515
0.011850412929884284
0.007312265296720609
0.008156546260405531
0.012904841727205093
0.009308949690914779
0.007971644638915082
0.009598392288742178
0.004451334541541592
0.004318071747502438
0.0083701651976675
0.017969856922243455
0.006522299712266346
0.011754582483975961
0.0052325195607754275
0.020220093105554855
0.0029903819979355283
0.005458298987161749
0.007104466369259081
0.009912266504541349
0.006958624213381054
0.004989092642617523
0.004151340536500478
0.008863882507826428
0.005058818804787441
0.006198752822564618
0.004909901707266646
0.0018270778478314568
0.007580333033613588
0.004187699434421359
0.006188294250541389
0.00806107652840788
0.006446629039758505
0.0051560960798198415
0.007654416209904108
0.004562106217713187
0.006877117656035648
0.0028023756462518495
0.0059918100863349515
0.007272559446440955
0.01325305136780787
0.005168375737841311
0.0023937886377934803
0.010132202304718441
0.006535272660698594
0.0033135027141457853
0.0073695599890054395
0.0051665613875732435
0.00837112138251532
0.01236499137251048
0.008784834478254414
0.005042372297085123
0.011395256095046297
0.0054854783058608065
0.005208218192064363
0.004049848980523241
0.00749058120744551
0.0009867677426904776
0.007513690083777926
0.006642820404283777
0.009459396273709174
0.0043952949186543385
0.0031662824340382974
0.008921790084446319
0.0036664690000201
0.009883939448382667
0.004551176108463176
0.011203878038465934
0.006098625593454636
0.0070206355846603626
0.005364648937690037
0.003928263423373842
0.005787875692522455
0.006152629269913684
0.0062335561234567296
0.0067275660223759855
0.008088311845425454
0.0070007759688744285
0.009217005912456304
0.010529767563112824
0.005587413551658484
0.009832192513745524
0.007546522014752631
0.005387505633661871
0.006700020362780024
0.010048474336526789
0.0037873990983858467
0.005546854056960833
0.006641638201900324
0.005763012505597875
0.002694295362285228
0.011859166211683096
0.0022821435314640086
0.005508568927773926
0.004965614603882673
0.009378355394662983
0.0061787476232701265
0.008376666023452932
0.005691830622400092
0.008820452597234128
0.011559765897124919
0.005218745341004628
0.009100295372809736
0.014277525858889226
0.005714635457564822
0.007001435769823488
0.014798952131892942
0.005582054382405316
0.00335250153410391
0.007434382452217351
0.007337694865078467
0.009365203763150223
0.00785833819286027
0.007252002265176778
0.008523009083360629
0.009475020090509163
0.0035564184573835824
0.009036060549230476
0.005175269812745493
0.010531473736991523
0.005083240834158894
0.016366288691107348
0.007820553003537716
0.008637449246865093
0.004513775193417203
0.007317847599839927
0.003777004032211428
0.006732133941851713
0.0031265143457681723
0.01558895934422082
0.010826030056541718
0.008621650870793675
0.009909739826150557
0.011304425240181193
0.0037646943383269032
0.004602398315908048
0.006456154805718917
0.0032859092199312074
0.012824744154166894
0.0030364493174195777
0.008023019193792242
0.01133883975802516
0.005541059851266946
0.004422587432197655
0.01261641882372153
0.010591216471061626
0.006183814872033485
0.004275220445350434
0.0032568523600691305
0.02034151586164768
0.0159308030343666
0.0065716064540879545
0.00711896612520492
0.0100095093573318
0.009157233804886231
0.01446193767637901
0.006184606759826438
0.008435434935475343
0.006172872521271096
0.008649361514884935
0.006810805813034615
0.010073620685883475
0.003082445478400924
0.006283336295968916
0.004939003214432372
0.008270744041429563
0.0088575472973678
0.0043020649802108235
0.0062323970315075845
0.00376076662517993
0.006887748562816919
0.005690645462589209
0.00803149353887197
0.005421542481434662
0.0060380376597949075
0.014687581908105018
0.003306660459213423
0.005273189407692693
0.008629246573358318
0.011611250475307483
0.006439308332096563
0.006456211632478058
0.002947983304969854
0.0058862184821790965
0.00520804715639979
0.004523514344911832
0.005795656424581837
0.02332192803982791
0.005028260924909387
0.005718943380041162
0.008147668674294246
0.006337597976524027
0.008068831320651603
0.0031101277658997467
0.005973363656143306
0.00964645813526426
0.0023913194577251965
0.013317468638003973
0.006081300792693347
0.00399596478222843
0.006305218031846469
0.00811656026727491
0.008073471450932358
0.0059526240878782135
0.00099570848791181
0.003653660610512863
0.004939877690434992
0.008302666087055917
0.0019276453684101452
0.005862513784639649
0.006931768800213242
0.010109330214236817
0.011508002267036112
0.003687161563724597
0.008976029228462867
0.01688641215272384
0.00977718134732967
0.003652354517639232
0.009102511767038033
0.004637885943465163
0.006954640738961532
0.013410328844859007
0.011329226291366172
0.010750145680845988
0.0052929734872131295
0.0051111916967635715
0.007769782945318887
0.006471378935433644
0.0035899476690220743
0.007192774420012486
0.0033214779791869544
0.002901970091529522
0.010259565944529097
0.005897511135720674
0.007231251847692459
0.005868742790182037
0.007519531464633479
0.00299399394201469
0.004008529427422731
0.004521274737170892
0.014282849148178336
0.0078118067916691835
0.00567781085710827
0.005892840384783514
0.00783451469613179
0.0039310650365550525
0.012079083705074429
0.0019732568860687033
0.006000415262288005
0.014464196768883561
0.004599217167317836
0.004480832793396816
0.005618513824553511
0.00427574604042779
0.0034884526576536338
0.008021207976220131
0.0077024460724964905
0.01048726670141339
0.0031237437504747765
0.0063496829436500805
0.007642979015441072
0.005535516773331239
0.013590685615035682
0.008230446716651955
0.004244997108200138
0.00680944804496067
0.002438519454556003
0.00858560982142102
0.008750347179050407
0.006126537757830805
0.004208662161969738
0.006270837849248936
0.008700576155374574
0.00581108463066238
0.010246629899001271
0.0030769291809328056
0.004083189337432314
0.006129163561123922
0.005454341733394367
0.010743712465795927
0.0074799653088643584
0.0035119641154323657
0.013726593878438779
0.0016002990589911177
0.006259406721129918
0.010270239411111238
0.00974170613722991
0.005686034399413615
0.012193363114842004
0.010413652654402902
0.006635109735007321
0.004598273632477748
0.002698357789098312
0.005689023819301394
0.005245148054020677
0.005681242490125877
0.004170019686349941
0.00866741923509683
0.006271708765324407
0.011407915388666643
0.006402575813961396
0.012143359942540649
0.004666355316464887
0.002114944854401043
0.007047335013743064
0.00888027662953178
0.00951234638827934
0.00307061338561046
0.003585424637974535
0.006870189983591659
0.01352029836292976
0.0024434972754450893
0.006775297516612776
0.011208319217391278
0.007366429987799004
0.0030204334933374654
0.014001032984494236
0.0042055349308618255
0.002379935419505348
0.006937357016841405
0.01358644015597489
0.013565204289019313
0.004269050781764402
0.003121423502187079
0.006268444401316032
0.009459525465418986
0.009147716267875666
0.00737058114177
0.01130136648980188
0.0031289665049036818
0.007419745819926952
0.00565220665371159
0.006772578865917685
0.009777700290973553
0.016304973622127215
0.014492807771438118
0.0025707549222348408
0.0052349671863586075
0.004648935600957813
0.010460950563377834
0.004565819241144965
0.006533998692658217
0.010836907457008408
0.009580504829767883
0.0036393971628296143
0.008457262131576158
0.010191936141467435
0.00712323732882704
0.008682627250453033
0.013471658823188896
0.010204311226972556
0.004864234543885316
0.00436991580920366
0.007979094337810605
0.010126898046126608
0.0033739097670257385
0.004193858226090847
0.003504584034838474
0.005303578469725367
0.00514888411135208
0.00427676072849789
0.008542733467532839
0.0038827006610267353
0.005372124412403705
0.006796787260865022
0.012508670048298079
0.002369138607370539
0.005199533375404236
0.005663911807388665
0.00917144674009337
0.01272185798985813
0.004629476037124188
0.00396899156935287
0.0058103096440072334
0.011119739648209117
0.007693793937578365
0.006369497413937067
0.005303152896257513
0.00942944214919961
0.010329160074417131
0.00804756357355619
0.006806742928263493
0.0038346749623887314
0.0021376987654877218
0.012110519988847622
0.0033553808356439705
0.011632878460171563
0.01356311091201392
0.011847893092260498
0.00388203712207049
0.0054226486500770455
0.002354752635451605
0.008648783097526655
0.009155403129098679
0.016133638544667928
0.005085734188055737
0.0051874556250981
0.008837075330233304
0.001683703347751838
0.003469075161723529
0.00467144784236779
0.006429142016794577
0.0017958419768034169
0.0043261961414999
0.0040439457949010115
0.013439049987009299
0.012250609400296283
0.006049197378612914
0.005532974530048961
0.01201935545660489
0.010105154758463164
0.008059360501794292
0.003754740619353278
0.003767955491545753
0.007253856026186514
0.007114036868662738
0.006366570541494796
0.009886186445740047
0.0026100235764768605
0.003325153283584408
0.005909944753907239
0.00901377245327922
0.006309228693727667
0.0043738032102846915
0.002972360155706058
0.009698016402261438
0.0123346559826022
0.010437769947559185
0.005299414333168424
0.005299925752878569
0.007279844906931106
0.0065708317411711835
0.005989497359126108
0.005004528702872571
0.006583405210317058
0.0048511264646029515
0.010249711179434328
0.00192079376529137
0.01142150911853557
0.007592561714431438
0.010456581599790762
0.006720447055574509
0.0076535455043170095
0.0036401685188156506
0.007350853344500525
0.007047336933238318
0.0033271972365814936
0.005341071596580901
0.0121585119345805
0.010196379560679742
0.007483590134669919
0.006298401456533284
0.0101357238177937
0.007120480478743013
0.0036852856605056124
0.004251301840428496
0.009229492170584837
0.006309100227873188
0.006179956935721453
0.002296633784109136
0.0032045177394726225
0.009494476713212758
0.007020580140562956
0.01269968696830699
0.00966835688710313
0.006682465577808064
0.008413051461010793
0.010431307789735455
0.004143254128067966
0.01274831532242783
0.006530860243832247
0.008649418182188714
0.00877444519562371
0.004651223557137754
0.005400162611647421
0.020767043748826763
0.006962312115147277
0.00399893718788878
0.006152304672971361
0.00580081678144058
0.0034163779457448773
0.004542378071141748
0.007211576277645403
0.009206863739784884
0.004933696135519512
0.003381365157220507
0.005520715736820372
0.0058575937888679565
0.012893401614419184
0.012926153024465746
0.010395751186283827
0.0035848248484385034
0.008321050804996774
0.006205475596693829
0.002977478254725405
0.009401516813181604
0.004152178069554771
0.005711233036267521
0.007033001533919389
0.0037698096670970324
0.009799850707791552
0.006957374484448535
0.008325449863601037
0.0041954282678080745
0.0016721725275995654
0.007316833978198108
0.012772912937650165
0.004205102137044926
0.0010151160291399473
0.011908858615155896
0.0031663542059112365
0.006036941769081127
0.009078268277068247
0.004235436825727267
0.008041926192964554
0.005656712663639294
0.006058098658086167
0.009648411173577686
0.006165508242450636
0.006017996737493397
0.003047912871074007
0.006195029975637492
0.00687233638521786
0.001525809181053603
0.011732489730496051
0.005459387060274567
0.005698964027803621
0.006631245502351408
0.001376793808424827
0.009865313649187194
0.00893519531641454
0.006764388612761419
0.00915298426158872
0.00696420545844139
0.01619041370513588
0.00645500916538703
0.009000195960295046
0.011129842246603247
0.014116211609552495
0.003963518448100322
0.009425909777031465
0.0036598302693763643
0.004122488534954836
0.007420678474441817
0.01372687304106397
0.00519953127847829
0.008581049315430982
0.006965382050794867
0.008075573312935007
0.0018314309853170372
0.008263471391620772
0.008517652371318246
0.010695572323880964
0.0019886666155964623
0.006512590189384985
0.008163535433530992
0.005663189973004216
0.007006788045661694
0.010682889584081146
0.0033735979168591688
0.0023671049676296705
0.01036644401279116
0.0029991053171829333
0.005994426150339362
0.005169234440873914
0.012241756125955315
0.007332900012459152
0.010844356772977874
0.006971914977313481
0.009680409604329848
0.011294356079612622
0.003291252158882823
0.0075463356255814195
0.0011872388895539233
0.009081814284228683
0.004304988810638106
0.005446858378996436
0.009204992909494681
0.004387653252056677
0.010323278313056121
0.010162972641329307
0.0037161156582693655
0.004844884488613064
0.012247043837917717
0.0070534072470388376
0.008187285951873085
0.0033849215338683943
0.006949074094173853
0.013405324143596615
0.009148519255010113
0.007969075932271707
0.0019241013268074354
0.020444244465994663
0.00352293533942771
0.005711710864955902
0.002675491831500242
0.0030718383641511002
0.005209555906292599
0.006811897483987351
0.01447932557181081
0.004737399199306719
0.004598859046630147
0.011665825435349697
0.007046565232108336
0.0034865101095982094
0.004570870811371862
0.0033836915612156866
0.005071498592265011
0.008261504005710915
0.002800153214147936
0.0031868145409636116
0.0015310974147982603
0.00807317025380282
0.008493921740705578
0.004508403304149324
0.005633995360557488
0.005872219308852984
0.006841046090701005
0.005170449197403817
0.006246949054288315
0.005114508253432231
0.006138986369391367
0.0066424471168222785
0.007207054020049456
0.005653309447080318
0.0019506879167737025
0.014622233260806833
0.002238131162274779
0.006643225222152079
0.0042300202838586355
0.005859921466015584
0.005201144803908356
0.007225569263654014
0.0034447480222468034
0.007447667405076339
0.0052929781306428935
0.0031854353854344733
0.005956989602382028
0.007501208796572347
0.0057636365207596905
0.003438982979836162
0.005568742531753649
0.004739395687636082
0.003423545680997436
0.007400108354205211
0.007957756923456393
0.005429465342702518
0.0016347472392862566
0.004025419359533581
0.006003363451380395
0.006348337986467662
0.009249465081851671
0.0030637126625113623
0.0055943441243662545
0.0040088828200891295
0.004627309575025815
0.0036782706047762343
0.008606493726690116
0.0031828495826911546
0.009929392765392888
0.007987459521936928
0.001982027849454706
0.0030642895825191423
0.010274625138354657
0.005748110505178498
0.015466398686141556
0.0075584523084643905
0.005794945193237374
0.00702122863505599
0.01046784426581651
0.001868315737631054
0.004896398403450684
0.0067814016060638435
0.007890196986838714
0.007296506945284988
0.004352501584853952
0.012746179149607269
0.006031976904787435
0.011581049449227127
0.006620100879470429
0.004048785784052139
0.014508081346089873
0.007329648903605659
0.00522958854911331
0.006924447494439348
0.007523750425887752
0.0021140622771362006
0.009140117192114834
0.004350236694687727
0.012329478743678542
0.006230885158667784
0.009190878834806267
0.00524514682718878
0.005195193292647094
0.008132946960663526
0.009563095790608152
0.005263654530973169
0.006666011147866332
0.008233258180512399
0.006136366041611166
0.009021812417820272
0.004415802435348161
0.011719955791950603
0.00493380924242991
0.006676851781629958
0.0031170445664903583
0.009898724376308198
0.004032136166191202
0.006443318838313696
0.007860371644133795
0.0031659350502261934
0.004393223675734466
0.0012987460295661344
0.005560789879889745
0.006773480065842986
0.004020068686530702
0.006021925750324917
0.007303424970640533
0.0039769425502282005
0.003192065361338868
0.007471741413507941
0.005107221647372974
0.006794310360533878
0.005317515662000729
0.010415350577846493
0.004765279522619999
0.0028324072173249726
0.016136623981261276
0.00640447893063159
0.0036482405938773692
0.003338044485226132
0.004659974312673737
0.007034290680259553
0.0016352205354350372
0.005706090751657742
0.013076940133206906
0.00295009434813746
0.0030424018189105628
0.004727306751343733
0.0066207416944838475
0.004399978337249485
0.009174302982324148
0.007245458377171864
0.0052558955610526115
0.007516548071284789
0.006954998677346655
0.0054264821580018024
0.008732457364849055
0.01062293659499402
0.008407524068509769
0.0033509555330782682
0.007534206714334499
0.007510970025403735
0.003984063109162741
0.0053610994658095665
0.002810994751251179
0.0052580952472766765
0.002644997943040652
0.0014366312466313914
0.008075115115608452
0.010147749291206926
0.01720431239169872
0.0035314519518568834
0.004305422373891893
0.006649081397729326
0.0059750743698157634
0.008747198869737714
0.004525288325221841
0.010875279247797175
0.00602625212360653
0.0011908590381661136
0.007722533283251819
0.005894011623493163
0.007263542024839754
0.008760045672039668
0.007868405910180287
0.004654615540628799
0.010389221130279114
0.009263186778161712
0.010390730072269786
0.0039513244476243395
0.0071043375994712206
0.0133524917110637
0.004661981008219485
0.007167122956524943
0.0130879323984095
0.0070102888220496375
0.007206529606510456
0.011167587132246382
0.00846401896862038
0.01644016724722252
0.004020055949043096
0.005105854371575767
0.005303690419343718
0.005921633821997064
0.007579651301066245
0.00840950698740414
0.009325044139138587
0.0033757627108902317
0.0017643935130098776
0.011473351632187156
0.006464589488198996
0.004587343439311861
0.007453085244309475
0.0044058591794689985
0.010955444064337265
0.004940478407533041
0.004364173808554962
0.005633031711501542
0.005337640910581373
0.006413839529638266
0.0013010976209157318
0.010113521496481011
0.0031262408138125523
0.003747582081989907
0.00523530896784341
0.012056749600540935
0.006219150865057688
0.00405920506194097
0.0076189830312421635
0.009889504208004999
0.0037319383356566255
0.008554969734785972
0.004259841593749566
0.011556366560885182
0.0034692510876570973
0.004285740673344852
0.011116234103695683
0.005425996885542927
0.006332860839615715
0.003380953174839172
0.0015873538764559626
0.010008970454965576
0.0033651280468880505
0.008542915020701458
0.005941604065073441
0.005686093994288465
0.007272607657013514
0.007793794317181574
0.0066188968003101775
0.008008148708248498
0.006343900414298653
0.010188163960140734
0.003998598559937588
0.00809587538384202
0.012756352296370316
0.014916500817590028
0.011385249393082145
0.005090202072143098
0.006956966041270537
0.004567346171256423
0.01586494158611307
0.00984349575620529
0.00536591941988495
0.009251972250884144
0.0035412028398167012
0.00542911832045394
0.009645033704996208
0.006079684721033281
0.008851367243140394
0.003270881472948864
0.004755801989387645
0.004438831296348236
0.002890007238334313
0.005442567029463083
0.004335125151711952
0.011947187842611338
0.0050805662076276
0.00549880606210914
0.010046712158631406
0.010034569235118997
0.00779731360801706
0.0033165622821981038
0.0030402553583682135
0.006152931016942845
0.0058155554847385115
0.007327712545227367
0.004139274187637457
0.008381908003567638
0.0052406865379174645
0.009767669623814729
0.006498818560565498
0.003332369149488179
0.00788983398276689
0.009237528729814698
0.008030873723086585
0.0031857730803071375
0.007218084032473448
0.006501667697403879
0.00770512578877904
0.005467682857760395
0.008653874990864787
0.009365029115862162
0.005064806870092707
0.00410600808317889
0.0050152466445629465
0.00588297422609979
0.002396866714042939
0.006703042451647548
0.005149325886565798
0.002749503716468219
0.005397799702549629
0.014276702353611488
0.008508948221188051
0.004410182346454212
0.017634292945959997
0.00997303032993391
0.009194416436283322
0.006139315178740055
0.010886535087940522
0.006128747576485504
0.00565782298562412
0.014311459596852318
0.004797256297534056
0.003836070379483108
0.003993706443140261
0.006120259750337669
0.001939931573554652
0.005574448018292617
0.006907732734125045
0.01113543233690306
0.004288982247200204
0.009095117438212777
0.009006183659657897
0.010020678832727906
0.004621189908037928
0.009885269704887801
0.009678779484628003
0.003594593232441822
0.0053807275647154325
0.011047310982452147
0.007071665270313974
0.005817522381864538
0.01024010817916202
0.003345095265243807
0.006526411972909591
0.01306737662842426
0.0020440026390868035
0.0058800815226011955
0.009107485598340357
0.007044163709335457
0.00270001666401717
0.01284891918215122
0.0044998868062240535
0.0036916457921228342
0.007057535200657469
0.006697661186361522
0.005165071757033355
0.00602003218625826
0.003566843443503105
0.0050514061579001925
0.0057684783655445205
0.00545108372950185
0.0033533652559138505