# distance between solutions
0.006836558691409641
0.0023021891279767343
0.0037152466857747553
0.006991670517520584
0.0048716957944399345
0.002159976814485654
0.004046460277122721
0.002414065436442946
0.006155489595270363
0.0027684147190123777
0.004341152965188663
0.005679816992616703
0.0025495014582066194
0.0011102749523857949
0.0036837574133795838
0.0030396185586782105
0.004616576818524091
0.005412979262763738
0.0029718583500031068
0.0027849379115920873
0.0032727066005581984
0.002405425250337512
0.0013938545430690554
0.0067446631135932595
0.004350200767716605
0.003733074285401667
0.003530943313453872
0.002182129576564091
0.0032879075646935854
0.005514735427953705
0.0017714168299714065
0.005998442823324267
0.0073379574523533535
0.007026248137385418
0.005391123672832557
0.0035689033635775357
0.003796323647677097
0.0031520432010298696
0.006129203124685831
0.0034527638558980384
0.0032566334855144512
0.0039364360673444605
0.00150608395274688
0.002473243370009098
0.0052956971028809375
0.0020687247679412276
0.0018053348656863442
0.004672963096690013
0.0014263581636368542
0.004046595680247856
0.0029671719284473223
0.0030532766326583573
0.0033932534004253354
0.004333166448577247
0.005476859131393577
0.002297256127436351
0.004004507006817472
0.005304126856674622
0.0020593429501890876
0.005510374967111897
0.005374088072334525
0.0029025449690305073
0.006233409279147388
0.0033780777090807383
0.0017381287895949257
0.007400791597568223
0.004592561626971539
0.003576009764519336
0.005586617756985302
0.0025547071221554488
0.005942885805116862
0.005300991051374223
0.001959368838934547
0.006545732181266071
0.010115662079470431
0.004261332506109775
0.006497957425720076
0.0019290218595917617
0.005068085369997394
0.0024700178511327144
0.007027168168206195
0.004709021050105568
0.004926780363886956
0.0053993240990571146
0.004026778911719213
0.0031070194249959455
0.0015762453271040042
0.007116041429738271
0.0013510366493664364
0.004565921727262901
0.0044156515815545975
0.004225050044919149
0.005656474590234109
0.002415615030201984
0.004065737158278668
0.003318351282574849
0.004967053514199834
0.0017461556951006748
0.0030560155161655205
0.0021638255992751866
0.007100112578665478
0.003937006682168154
0.0029575666651932976
0.00036952369350814205
0.005393742888628085
0.00416946406758757
0.0032926357663795153
0.003583350866799037
0.003263830341948765
0.005626466153741059
0.002910011619291405
0.005816814289769523
0.0025599495847985283
0.0069177508031487015
0.0031836744714374434
0.0018633545933589247
0.0038378468255595537
0.0028382014282641267
0.003632684041256174
0.005421796686130737
0.005626148527148238
0.0031787806165336106
0.005121373930669864
0.006041100482190373
0.0034636350338918273
0.002685974193080363
0.0006248553047409777
0.006187754982231084
0.006129054108994043
0.004697255556329019
0.005616250857369763
0.0032019422155755337
0.006419329145203036
0.0034312386321600514
0.007161202020201282
0.005505962514470568
0.004558637775132449
0.0022293562613434894
0.0029309443683870093
0.0029139111925996276
0.004483809112778939
0.004084355039770663
0.0022522383499068268
0.0062358894300889945
0.0018479187689117206
0.0044974907781523835
0.003856167316606083
0.006073269587609799
0.0038703127361549815
0.0034985394534429106
0.0018880852401851052
0.003239932534364807
0.007111992409031672
0.0014677173858565027
0.005394773770459886
0.003924927192197494
0.002506932043638164
0.0024986766597196197
0.004550858781146507
0.00850623521789591
0.0024600470763441115
0.002774188109815332
0.0037672251111078043
0.004189865692652862
0.003519165692610471
0.003933743926067761
0.00610114216821598
0.004517589234159915
0.0043698418174942496
0.0053436320548091555
0.0028428674643714348
0.004026898151210859
0.003733120919245307
0.006284414105989835
0.002785668023524308
0.0027123046051078553
0.008643084421925119
0.004422501861605841
0.0038418389827606808
0.00336240983748837
0.006547582296128475
0.005661357164312004
0.004315398674196182
0.0029789788595460938
0.0044461153716671715
0.003926471573889636
0.0033145963452811196
0.006964409805558524
0.005150499424435064
0.007028252808707549
0.006629493490923069
0.0062196510576532915
0.0033354517703463233
0.004804965825323303
0.0030175472998216113
0.002847821627259235
0.005808081684813016
0.0036689601996734303
0.004329256191291489
0.0028349011855400676
0.0037408134135585845
0.005709465410296428
0.0014774227601406205
0.00428903005502829
0.004069956212618485
0.007008035338489496
0.004244715277334961
0.003981594629792659
0.0007663857504850402
0.004959030073425619
0.0019149316947225836
0.004186900011371533
0.0047824161466522375
0.0055598571491055895
0.00490856771416703
0.0055260678683145
0.004192313199170092
0.007725375375107441
0.005318293223141566
0.003189630630040507
0.0035533952491434598
0.0010697895180607165
0.005296455163744653
0.002572032856977951
0.004888787000550515
0.005496255739158458
0.00949547298738194
0.004708261318641414
0.003140781566104267
0.002486663102895651
0.00325475602182734
0.005012877394374656
0.00431700849292188
0.008480001954695714
0.004840961245505531
0.004567224658977869
0.0022815265033551994
0.0020625956162109676
0.004515488061888301
0.0031863847627236768
0.0038175901363974476
0.0037129990025903266
0.004807927767749993
0.0056321319521566654
0.0017661256581699115
0.006066968085394309
0.0043808655284515285
0.008356778542829481
0.005574533696939311
0.003917433526678167
0.005132332694612903
0.006030509066862149
0.0031025247871828607
0.00563497018414478
0.003152121539267134
0.004588575439671004
0.0029451775695257306
0.004481169430975925
0.0024050596386277954
0.003713936673706821
0.0022628516558271597
0.005217908555670223
0.006069489783299468
0.0030668646216164643
0.006264953088120129
0.0023140482571228217
0.009295809441783286
0.005190995689186487
0.005178608589643849
0.005012789710827716
0.0064308002809018204
0.0032552884078129317
0.0037216784334456396
0.001256386468630184
0.003630965133810246
0.003740908202368435
0.00571174285464595
0.0025803452333282135
0.0034454100889974755
0.0020142456717593626
0.0036373347024871807
0.0022016632572599334
0.0032578643861309073
0.002674674732925294
0.004702568246056531
0.0023053905317856967
0.004968601911129441
0.005280195133608795
0.0038049307699802126
0.0053669528116943605
0.003312252846248601
0.0028955894869207516
0.008441427378065493
0.0028634277153760765
0.003799176857839806
0.0013533523778568425
0.003803706679057559
0.0025370173026974647
0.006051111804084086
0.005735602012910831
0.0054704589208611955
0.0033829799300937593
0.002920341330995421
0.0018317734867154285
0.0035112210958726455
0.0030756483140428914
0.004055753153187202
0.0064126863590139365
0.006669214854185962
0.003151090907507939
0.003751097808550348
0.003172801224048601
0.005912575030246082
0.00686617891994783
0.003914230697690174
0.0027026002676301905
0.005584885286319316
0.002786721982646799
0.0057806118766342415
0.0041260197608136056
0.003453504376643628
0.005902830566215329
0.006097520148893252
0.005605886648110423
0.005700254977140905
0.003028365459510114
0.004675936554964063
0.004530969963976515
0.006899949005315978
0.005792329851962664
0.0035634032277280414
0.002743042390720517
0.0021593099744183575
0.0027848351725689815
0.0035080350672290358
0.0036185211381735928
0.0012298528372537978
0.0031103369407059073
0.004447139609232604
0.0031906925937412794
0.003208667214625745
0.004905643620976886
0.004472194221057204
0.005078519230704256
0.006412154243904221
0.00093446755164075
0.004423461614270175
0.004124320917222561
0.006636702624799486
0.005485824350853858
0.002353446340255014
0.003238936186303383
0.005071551865550458
0.0042815840691187825
0.004131334684601725
0.003817873094524499
0.00901910463048219
0.004251946867807168
0.00524076835461595
0.003895536477548897
0.003367377857666346
0.007065322496619139
0.00408903963540611
0.0037138094566586113
0.006467606178745648
0.00344420379160055
0.00265063254399457
0.003903705121419724
0.0035016957955795354
0.0020784795324896976
0.004553907151979109
0.0016809787100614708
0.005207073907357536
0.004163190222540237
0.001094528460429979
0.001511908282512559
0.004714178196670547
0.0016741895349160238
0.00459985638421861
0.0031959483326335363
0.001752927110420762
0.005010319484362146
0.0036978751493266515
0.005849094194280148
0.0021743604815943137
0.00514315420891076
0.00491346761876079
0.004974176050550971
0.0034720590039689797
0.0035220706670766218
0.0034258457384956716
0.006487651222356924
0.003544246059016786
0.00664909244029784
0.003873859881314116
0.002902650602196813
0.006464698009879496
0.0039431626117927485
0.005025452656960353
0.004226885376741485
0.005346812224259666
0.0033791919472444453
0.008281985276105899
0.0024137739203775165
0.0031321343656162226
0.0040776824432135084
0.005595102688175059
0.004230314654633011
0.004786455864708119
0.004107852364661992
0.002932207931578635
0.0057514373357413365
0.004296135321696242
0.005611131080006353
0.0022747880515692435
0.0035361976462529804
0.005922576291214654
0.003714627907433133
0.008932200923550805
0.007790719299958334
0.006698173658299182
0.0037595696998425623
0.0028109130201534166
0.0019532623295274924
0.004251338502701571
0.004934100561399331
0.0020327410732773176
0.0017168412866471127
0.003060029033255049
0.002990224829163162
0.004032761219678365
0.003419756901420035
0.007862087722231438
0.005188800343514962
0.00540827600062509
0.0026517821645588428
0.0047494256633664545
0.0043442507597233025
0.0028927488478017976
0.001683685374275904
0.0036570707859191857
0.0054626888517731766
0.004125890768607784
0.005671261157281171
0.004273994491890614
0.004178755383757633
0.0056679601997716884
0.004582179114247605
0.004610565016684391
0.0029129420341206316
0.007401765856422187
0.0056166873934500785
0.003076316620222356
0.0037159345943869764
0.005765467264009231
0.0019710344585366145
0.001860235181559397
0.0024362072363125053
0.008861637362731717
0.00638928492292058
0.005931011880577667
0.00650450368287085
0.004952483898910863
0.003992487866276056
0.005077330553724434
0.0020918867067905
0.007224481190067099
0.001829870808987692
0.0017751578645706057
0.004604924923591132
0.005666885018728034
0.0054498800072089
0.006163672497272981
0.004133604806545679
0.004431712917473085
0.010599950750123903
0.005722437166309049
0.004786302062350247
0.005666909185100201
0.0011720579106020367
0.006136292558693042
0.0031704122023290216
0.008246437520418377
0.008609585793076108
0.004266739345581178
0.006574664739947097
0.0038879834993297254
0.003170743015643246
0.005994452883911345
0.002092477011583666
0.0032671099313011332
0.004205963011043659
0.005205184273822115
0.002847117934955273
0.002393138249293335
0.0027695140330844473
0.0013076962294732931
0.006301568332087852
0.002195627271739759
0.0034448348486964373
0.005556899921199507
0.0052189836048460725
0.005549734799335185
0.004318486611318746
0.0036724719482588842
0.00486972831919078
0.0036384031967727436
0.004560394278701112
0.0026061507679767076
0.0029609328110635066
0.004017761001629856
0.0021252924679716384
0.005209108135647063
0.003146946966199713
0.004364760339267901
0.008227247803130139
0.004703998655008062
0.00314288846577397
0.006370961989699905
0.004259147577179197
0.003007877093676568
0.0044092212030296205
0.0041474113049411645
0.004184817465093653
0.004486533473365639
0.0038131587371736204
0.0019398078150828042
0.0056034680621568226
0.0026821614036793384
0.003932105334327743
0.002636976772435996
0.004220793271393243
0.006688414099215342
0.0024274946837407533
0.004041844719743695
0.0022620904720812183
0.005207642259012342
0.00173254587911112
0.0036568169710456916
0.004263085150148741
0.0012338726167676658
0.005945014913705106
0.0034956366170389385
0.004136251401650059
0.004742519384923724
0.007671760551933675
0.005649478100123577
0.0036488757049985506
0.007609911685170847
0.0038776164267362244
0.0005982904175060979
0.00692108138788651
0.007014654674061141
0.0023049545177529092
0.0032050703040770318
0.004728654318494049
0.004167480068327582
0.004968242897563695
0.006054455986250934
0.004970120872391599
0.0035056734958734377
0.008198587868493038
0.0025048314203095327
0.003178148439080962
0.006566790480951809
0.009063187851207986
0.004235546029387585
0.0035689172910838476
0.007323344428045988
0.004647491232953563
0.007424397215423678
0.0031409548800918332
0.005545405024525157
0.002358048163910214
0.0013456994631862733
0.006027121209240645
0.0032032981892357072
0.002121929723580784
0.005999560649816083
0.006716690275824605
0.003748516305500198
0.008545002019248347
0.004705111460770356
0.005190491707344435
0.006419306863784678
0.004485799136252541
0.0014361083182621967
0.003077931751471968
0.002444471490682942
0.004543979799890931
0.004676255772086837
0.007245915553254022
0.004822878711695747
0.00527974506502031
0.00455194876980802
0.0013877173235998371
0.004396617121607494
0.0034507057663435915
0.00603693087021703
0.0027103577270693674
0.003026467507323606
0.004288859093573395
0.007528254614632193
0.005672308254127489
0.002801933366249294
0.005714357604044813
0.0035844832474832486
0.00739808734430876
0.003251530444709329
0.008356990962172106
0.0022627347821390547
0.0017364228652740588
0.0019446698597187211
0.0026309536745343543
0.001753215595977533
0.005352596264474875
0.0035219799985036046
0.0025852647693566226
0.004503616354847287
0.004474990905713933
0.004306578632656234
0.0036602016284149174
0.004450656930650879
0.0025130842079075246
0.0027547358613948286
0.0035880794965523887
0.003305784947552168
0.002972167323101539
0.0047563293188863775
0.002656786429796259
0.00918645525856645
0.006021870144874901
0.002960193300384695
0.005362047738176303
0.0022988736749473453
0.0011394528252694801
0.007683113451757222
0.003895265068602646
0.007092638552042935
0.005908231788341926
0.0024293289547465437
0.003707234847324681
0.0006622291378548949
0.002873566726957544
0.006128481548812829
0.0017332194468908857
0.00772075149641149
0.006381878642606544
0.0034442244160507057
0.00301585700234875
0.002420036230391846
0.0018711899565750465
0.003438583737465588
0.006357202472768067
0.005354509408129966
0.0044277430040796
0.004088686057320798
0.004253350212095295
0.0037479571457804195
0.004084058257965533
0.00857055165100521
0.004016027420109238
0.008660337296356548
0.004932328392060156
0.004699744939515243
0.00477324803312246
0.0056916856269378
0.003282646169129356
0.002193503583083175
0.001983643188470548
0.003746498981648938
0.005705251165639927
0.00321270601604769
0.004468976326962151
0.008211742317557391
0.005889770787042257
0.002122236140804868
0.002225670489419935
0.003398619639509066
0.002065023542507073
0.009951585342987707
0.0038275990612514073
0.005498999033112988
0.006191399163309562
0.0044535620445267585
0.0023089066616609195
0.004446654599169385
0.0037781675276035843
0.005049681908303077
0.003235957570246517
0.003122645846401294
0.001772166686863979
0.006241089521452003
0.004966886670334894
0.0033571765914574316
0.004556960242830533
0.00489783068952944
0.0019576021952081475
0.0030847927544302664
0.00299753618303759
0.0029471860689835074
0.003210224586225248
0.002122057190755475
0.004245481778367242
0.0024012161430352124
0.004714424889709262
0.00609225406091687
0.0052728077273783
0.003993087112556851
0.003247695285064485
0.0032654281667194975
0.006104488293435566
0.0059083762114956005
0.0033955106569775015
0.009165723987309462
0.005960609125695749
0.005055969418755895
0.003070497415863653
0.004591982855793416
0.0029523550710299864
0.0032073705379078847
0.0037305976790911544
0.0022925680545898266
0.009574576895398517
0.0019031721941116541
0.004521781356344082
0.0027622459248970825
0.005844250733907082
0.0023612673948040686
0.005668207818171202
0.006323130474919851
0.006018552785902115
0.002184460048281904
0.0030475160522106144
0.003941668669255751
0.007635258399323491
0.004914460587596727
0.005213858964568772
0.004321731492629711
0.0028777964825813774
0.006320390699764473
0.004549771364027072
0.005114559496149909
0.002839750838545196
0.0030681591334910073
0.0010031409257562913
0.0030385801434687438
0.0027138676738047442
0.0036822664375992476
0.00586280221163901
0.004051453892418204
0.005039471036877562
0.005475360116151105
0.005634904053922969
0.002589495761486999
0.007462513042652409
0.004522158972573199
0.002092514881155451
0.0036417547244506146
0.0025562932392143834
0.006164383990294231
0.002676558721464599
0.002485479914930678
0.0046615865614044755
0.003682242652308286
0.0011446946143043213
0.0039170019002805955
0.003956102424894962
0.004375956718038374
0.0027376073538065704
0.003411557696987245
0.00477960206607525
0.003573440431369754
0.002961927329789485
0.004431693974383411
0.005586251803712917
0.0048161224883732
0.007839396054489746
0.004854084962475669
0.005455244333051178
0.007197038157167014
0.003770971041728317
0.0034520232353457904
0.0028390911092331535
0.004536229926125778
0.00338863128484955
0.004662240465874591
0.0009949081006411036
0.002300944576092746
0.0024222834368045083
0.0008503654565194545
0.0034985832199419327
0.00461903970912385
0.003007104324307679
0.005160994897766186
0.0019780122251215953
0.0033749894744971
0.0043720017518190015
0.003179277773584093
0.003827735006200741
0.0044636716375816045
0.0072352291943253355
0.004602633922699052
0.003923235662376139
0.0029693861956029506
0.008324903201433989
0.0037894702294732343
0.0017285132454478204
0.010259280250611114
0.001960737570958936
0.00906182334645028
0.00422939192749126
0.0037240145763026986
0.00494528399061396
0.004747833239233046
0.002054572698458394
0.006467938055255589
0.004996798902252393
0.010335995297060918
0.002811933207222204
0.005785494574189816
0.004328556969303986
0.005785397944241893
0.002002638262614919
0.008951271684082525
0.0023632970602420708
0.0034583353812106285
0.005489794118600334
0.0021658660566865324
0.005981342127149564
0.0017152267313095043
0.0009007710772380947
0.00496147558650591
0.007511210959640233
0.0027097730615035925
0.0030040605748438507
0.002505191411525489
0.0034891383950172265
0.004099018744418528
0.002769224805848673
0.005662196748385266
0.0038529333007752903
0.00473037644349006
0.0049044691925946736
0.0022025002843348734
0.005505654181662037
0.0038365656598750336
0.0031899149782490576
0.004841535952403818
0.004863760431137435
0.0013332684587930852
0.004340084100456172
0.004055481943544667
0.0020366271625536963
0.0013956594439908695
0.002691494493738209
0.0038072003696759606
0.004757965181235495
0.0029955293445300016
0.004452549794524192
0.005002046245664665
0.0037546310320336514
0.00253409539889592
0.003221580621304661
0.001920024774641899
0.004563285659034644
0.005216000590692103
0.0058817334052215925
0.002340440950767636
0.005702045691447918
0.006115146490959345
0.004112239241364952
0.0018831135973196662
0.00500346701156188
0.0049568330293885045
0.007014067335393083
0.002929253388758255
0.009687029662744063
0.0047317343652525665
0.00379155837372334
0.004386606955610194
0.0022605580631632808
0.0026766190847926797
0.004844325417883762
0.005962666689426655
0.003784327860468093
0.006664427566087826
0.0038626261653397663
0.004444644277907081
0.0040956925623821605
0.0037762699848782116
0.0032636775935808004
0.0023830720013796303
0.0019881710086368594
0.004685295495450094
0.0047671897295143715
0.0032537692600476584
0.010259721852881196
0.0016971168620257718
0.002741293574841621
0.003198727794366802
0.005682823553822208
0.003335604658092854
0.005268960774579282
0.0032110360474361436
0.005930206785980049
0.005491044585405451
0.0018799284253803849
0.004822591140839927
0.0034263372036509396
0.003715864287279076
0.008593632687192121
0.0013879204499688018
0.005851262024879891
0.0029493197701289816
0.0012307963141008934
0.006265780531691556
0.004650692738174145
0.0038306615738071814
0.004914320764152454
0.0026001896473804224
0.004575055723469014
0.005283043645315446
0.00205118473870868
0.004531537304565818
0.0033309001607907006
0.004761949218440764
0.003704232885507847
0.0038514301617985974
0.002983668991456613
0.005856894391656006
0.0031568762591681694
0.0051799341740945285
0.002924167920671492
0.003217629415517449
0.0028391448397510196
0.003092102455138692
0.004570868351931199
0.002728152592326088
0.003196031477360288
0.0033852096861647345
0.002015918156746569
0.005622921225652991
0.005790387371175512
0.0026154648253678852
0.003042375863341849
0.005975137645857276
0.003659465071999975
0.00258087178051992
0.0027564973763866264
0.0055543748956535825
0.004440861642432098
0.0036476563066399873
0.0038276921492438115
0.0058442516862057215
0.0018115548729780362
0.00619186845988312
0.0024927407016689714
0.006723846279485948
0.003542619533763229
0.0028232530087812994
0.004994703321608074
0.00466155596396443
0.004981574676434749
0.0037542616072189844
0.0020232864106404383
0.003384832881377593
0.007902408505688368
0.004272208049553362
0.0037799572252699715
0.003159748628572373
0.00530909486887736
0.004016763389449622
0.004341999972986314
0.007900553600889797
0.005130659381574062
0.004812094566311482
0.005388827975725587
0.007687685139605332
0.003634433285254753
0.0015327796509776875
0.0039177729822974456
0.006060309306429352
0.006963360303111505
0.005949215409230383
0.0037805056588616154
0.003653197726955582
0.002080456391516015
0.006353504820806897
0.0019287491127769122
0.0031858008440559097
0.003060344675643607
0.0023852444149055404
0.004303577164396063
0.004542610688005593
0.00584618049995422
0.0030857569933603816
0.0036950889947163132
0.0033086048971384787
0.005710411899439326